00101011011100
00101011010101
00101011001011
00101011001000
00101010101101
00101010101000
00101010000010
00101001010001
00101001000000
00101000010010
00100111101100
00100110110001
00100110000010
00100100111100
00100100001111
00100011000001
00100001110110
00100000101101
00011111100011
00011110010011
00011100110101
00011011011000
00011010001011
00011000011100
00010111001101
00010101010011
00010011110110
00010010000000
00010000100010
00001110110000
00001100110101
00001011010101
00001001010111
00000111011000
00000101110101
00000011111110
00000001111011
00000000000001
11111110010011
11111100011011
11111010011101
11111000110011
11110110101011
11110101001100
11110011011010
11110001010110
11101111001001
11101101010011
11101100000110
11101001110101
11101000001010
11100110100110
11100100111110
11100011001011
11100001011010
11100000000110
11011110011001
11011100100110
11011011100110
11011010000000
11011000101111
11010111011110
11010110001101
11010101001010
11010011110110
11010010101111
11010001110111
11010000100100
11010000000100
11001111001110
11001101111111
11001101001100
11001100110110
11001100000010
11001011110100
11001011011000
11001010110001
11001010011100
11001010000101
11001010000001
11001010001111
11001010010111
11001010111110
11001011001110
11001011111001
11001100011001
11001101000010
11001101110101
11001110101011
11001111101011
11010000100000
11010001101001
11010010011110
11010011111000
11010101000001
11010110001001
11010111011100
11011000110110
11011010001110
11011011110011
11011101100111
11011110111110
11100000010110
11100010010001
11100011110110
11100101101000
11100111101100
11101001001111
11101011010110
11101101000101
11101111001111
11110000110000
11110011000110
11110100110000
11110111000011
11111000101011
11111010111111
11111100101000
11111110110100
00000000101101
00000010101001
00000100100100
00000110110001
00001000101110
00001010010100
00001100011100
00001110011110
00010000001100
00010001110001
00010011101100
00010101001110
00010110110010
00011000110101
00011010010011
00011011101010
00011101001101
00011110011101
00011111110010
00100001000101
00100010011011
00100011100011
00100100111110
00100101100011
00100110100001
00100111010000
00101000010101
00101000101111
00101001010110
00101001111100
00101010100101
00101010111111
00101011000100
00101011100001
00101011100011
00101011110110
00101011100111
00101011101010
00101011100100
00101011110100
00101011100110
00101011011100
00101011011001
00101011001101
00101011001010
00101010100111
00101010100011
00101010001000
00101001011110
00101000111001
00101000001111
00100111110000
00100110101011
00100101111011
00100100110100
00100100001000
00100011000010
00100001110110
00100000110101
00011111101000
00011110001110
00011100101101
00011011011101
00011001111110
00011000001100
00010111000001
00010101001110
00010011111100
00010010000001
00010000010010
00001110110111
00001100110100
00001011000001
00001001011010
00000111011100
00000101011101
00000011111011
00000010000100
00000000000001
11111110001000
11111100011100
11111010101001
11111000101111
11110110110111
11110101000100
11110010101111
11110001011111
11101111000111
11101101010100
11101011101010
11101001111111
11101000011001
11100110010010
11100100100000
11100011001101
11100001100010
11011111110000
11011110001011
11011100101101
11011011011011
11011010000111
11011000101111
11010111011101
11010110010011
11010101001000
11010011111001
11010010101010
11010001111101
11010000101110
11001111101110
11001110111001
11001110011001
11001101100000
11001101000011
11001011111000
11001011011111
11001011001001
11001010110101
11001010011110
11001010000101
11001001111111
11001010010000
11001010010110
11001010110101
11001011001011
11001011111010
11001100011100
11001101000101
11001101110110
11001110101100
11001111101010
11010000011001
11010001100101
11010010011110
11010011101110
11010101000000
11010110000110
11010111011011
11011000111011
11011010010011
11011011110111
11011101010111
11011110101101
11100000100000
11100010001111
11100011110000
11100101100110
11100111100111
11101001010100
11101011001110
11101100111110
11101111001000
11110000110101
11110011000011
11110100110111
11110110111101
11111000110010
11111011011111
11111100110101
11111110101111
00000000110101
00000010100101
00000100101000
00000110110110
00001000011101
00001010101000
00001100000110
00001110001100
00010000100001
00010001101100
00010011101001
00010101011101
00010111001011
00011000011010
00011010001001
00011011101110
00011101001010
00011110100110
00011111111000
00100001001011
00100010010100
00100011100000
00100100101110
00100101110001
00100110111000
00100111011111
00100111111111
00101000110101
00101001100010
00101010000010
00101010011100
00101010101111
00101011010001
00101011001001
00101011101101
00101011011111
00101011101000
00101011110001
00101011110010
00101011110100
00101011101101
00101011011111
00101011010100
00101011011011
00101011001011
00101010110100
00101010100101
00101010001111
00101001110000
00101001001001
00101000011011
00100111101010
00100110101111
00100110001000
00100100111111
00100011111100
00100011000001
00100001111011
00100000110100
00011111011101
00011110000011
00011100110011
00011011100101
00011001111011
00011000100100
00010110111101
00010101100011
00010011101110
00010010010111
00010000010010
00001110100010
00001101000010
00001011000111
00001001010011
00000111100111
00000101100111
00000011101111
00000010000100
00000000010001
11111110000101
11111100010010
11111010100100
11111000011101
11110110111011
11110100100010
11110010110101
11110000111011
11101111101100
11101101110111
11101011011000
11101001111010
11101000001101
11100110110000
11100100111010
11100010111101
11100001101001
11011111110100
11011110100010
11011101000011
11011011100010
11011010000101
11011000110101
11010111100011
11010101111101
11010100111101
11010011110110
11010010111001
11010001111101
11010000111100
11001111111101
11001111000100
11001110010011
11001101011010
11001101000001
11001100011111
11001011101011
11001011010101
11001010111010
11001010011110
11001010001011
11001001111000
11001010010100
11001010100000
11001010110100
11001011010111
11001011111011
11001100010000
11001101000000
11001101110110
11001110100110
11001111101010
11010000011111
11010001100011
11010010100010
11010011111001
11010101000000
11010110001101
11010111100000
11011000110110
11011010011001
11011011111011
11011101100011
11011110111100
11100000100011
11100010011111
11100100000100
11100101110001
11100111101111
11101001010010
11101011100000
11101101001010
11101111010100
11110001000101
11110011001111
11110100110100
11110111001011
11111000111000
11111011000011
11111100110100
11111110111010
00000000111000
00000010101001
00000100101111
00000110111000
00001000110101
00001010110101
00001100001011
00001101111111
00010000001100
00010001101110
00010011101101
00010101110001
00010111010110
00011000011110
00011010001100
00011100000000
00011101001010
00011110011110
00100000000101
00100001001101
00100010011110
00100011101000
00100100101000
00100101101110
00100110011101
00100111011011
00101000011010
00101000101000
00101001100001
00101001111011
00101010101010
00101011000101
00101011001010
00101011011100
00101011101101
00101011101011
00101011110000
00101011110000
00101011110110
00101011100111
00101011100000
00101011100001
00101011011110
00101011011110
00101011000011
00101010111010
00101010011010
00101010001001
00101001101010
00101001000100
00101000011011
00100111100001
00100110101010
00100110000000
00100101000101
00100011110110
00100010111000
00100001111001
00100000100110
00011111010000
00011110000001
00011100101111
00011011010001
00011001110101
00011000101010
00010110101110
00010101011100
00010011011101
00010010001010
00010000010000
00001110011001
00001100111101
00001010111011
00001001000100
00000111100101
00000101100110
00000011100100
00000001111011
00000000001000
11111110000010
11111100000101
11111010010011
11111000010010
11110110100100
11110100101001
11110011001010
11110000110001
11101111001001
11101101001100
11101100000000
11101010000101
11101000001110
11100110001100
11100100100101
11100011001010
11100001100010
11011111111100
11011110001000
11011100101100
11011011011100
11011010000001
11011000101010
11010111010111
11010110001110
11010101000011
11010100100010
11010010111010
11010001101010
11010000110000
11001111101011
11001110110101
11001110011010
11001101101101
11001100111101
11001011110001
11001011011011
11001010111101
11001010101100
11001010001110
11001010001011
11001010000011
11001010001101
11001010100001
11001011000001
11001011010011
11001011110110
11001100100011
11001101001101
11001101111111
11001110110100
11001111100011
11010000101010
11010001100001
11010010110100
11010011110000
11010100110110
11010110001101
11010111011111
11011000110111
11011010010001
11011011101110
11011101010110
11011111000111
11100000101010
11100010001110
11100100001111
11100101101110
11100111101010
11101001100001
11101011100010
11101101011011
11101111000111
11110001010010
11110011000100
11110101001001
11110110111101
11111001000010
11111010111101
11111100111110
11111110111110
00000000110101
00000011000011
00000101000010
00000110101100
00001000101011
00001010011010
00001100111101
00001110110011
00010000001111
00010001111110
00010011111101
00010101011011
00010111010110
00011000111001
00011010011001
00011011111010
00011101000101
00011110100001
00100000000010
00100001010000
00100010011101
00100011110010
00100100101010
00100101010111
00100110011110
00100111010010
00101000001101
00101001000000
00101001011110
00101001110100
00101010100111
00101010111010
00101010111100
00101011100001
00101011010010
00101011110010
00101011011111
00101011101000
00101011100010
00101011101011
00101011101011
00101011101010
00101011011101
00101011001010
00101010111110
00101010110101
00101010100000
00101001110100
00101001010110
00101000110011
00101000000011
00100111011100
00100110110100
00100101101101
00100100111101
00100100000001
00100010101110
00100001100010
00100000010111
00011111001111
00011110001000
00011100110000
00011011000101
00011001101111
00011000000110
00010110110100
00010101000110
00010011101010
00010001101100
00010000011000
00001110011000
00001100011110
00001011000011
00001001000011
00000111000001
00000101100101
00000011101011
00000001100011
11111111110010
11111110001001
11111100001011
11111010010000
11111000100001
11110110011010
11110100111000
11110010111011
11110001010011
11101110111001
11101101011010
11101011001101
11101001110111
11101000001001
11100110000111
11100100011011
11100010111111
11100001011000
11011111110010
11011110000000
11011100101011
11011011010010
11011001110110
11011000011011
11010111100011
11010110001001
11010100110100
11010011101110
11010010100100
11010001011110
11010000110000
11001111110000
11001110010101
11001101111111
11001101001010
11001100010111
11001011111101
11001011100100
11001011000100
11001010101011
11001010011001
11001010001001
11001010000000
11001010001100
11001010010111
11001010111101
11001011001010
11001011110110
11001100100001
11001101001101
11001101110100
11001110110001
11001111100000
11010000101000
11010001100110
11010010110000
11010011101110
11010100110011
11010110010100
11010111101011
11011001000110
11011010011101
11011011110001
11011101001110
11011111000000
11100000101111
11100010001010
11100100001100
11100101111101
11100111101010
11101001100110
11101011001111
11101101011010
11101111000100
11110001001110
11110011000101
11110101001110
11110110111001
11111001010010
11111010111100
11111101000101
11111110111010
00000000111000
00000011000100
00000101000001
00000110111011
00001000110100
00001010011100
00001100101010
00001110011110
00010000101011
00010001111010
00010100000000
00010101011101
00010111010110
00011001000100
00011010011100
00011011111000
00011101010010
00011110101001
00100000000001
00100001011000
00100010011110
00100011101101
00100100101110
00100101101100
00100110110100
00100111011000
00100111111011
00101001001011
00101001100000
00101010001110
00101010110011
00101011000101
00101010111110
00101011001100
00101011100001
00101011010010
00101011111100
00101011101100
00101011111000
00101011100100
00101011100100
00101011100101
00101011011110
00101011011101
00101011000101
00101010111010
00101010011111
00101010001101
00101001101000
00101001000100
00101000011001
00100111011111
00100110101010
00100110000001
00100100111000
00100011101111
00100010111001
00100001111001
00100000101010
00011111011101
00011101111001
00011100100110
00011011011010
00011001110101
00011000011010
00010110110100
00010101010110
00010011011110
00010001111100
00010000000001
00001110101000
00001100111000
00001010100111
00001001010100
00000111011000
00000101010100
00000011101000
00000001111010
11111111111001
11111101110100
11111100001001
11111010011000
11111000011000
11110110101101
11110100011100
11110010100001
11110000100110
11101111010100
11101101010110
11101011111010
11101001101000
11100111110110
11100110011100
11100100110101
11100010111101
11100001011001
11011111110011
11011110000101
11011101000000
11011011001111
11011001111101
11011000100100
11010111010001
11010110000111
11010100111110
11010011111001
11010010101000
11010001110000
11010000110001
11001111111001
11001111000010
11001101111001
11001101100000
11001100100010
11001011111100
11001010111101
11001011000011
11001010011110
11001010011010
11001010000001
11001001111110
11001010010010
11001010011000
11001010111110
11001011001100
11001011111100
11001100100010
11001101000111
11001110000001
11001110110100
11001111011111
11010000101111
11010001100110
11010010110000
11010011110110
11010100111110
11010110010001
11010111100111
11011001000110
11011010011100
11011011110011
11011101010011
11011111001000
11100000110100
11100010001111
11100100000110
11100101111100
11100111101001
11101001100010
11101011010111
11101101011111
11101111001110
11110001010001
11110011000001
11110101001011
11110110111110
11111001000001
11111010111010
11111100111001
11111111000001
00000000110010
00000011000100
00000100110101
00000110111010
00001000111010
00001010101000
00001100001001
00001110000110
00010000010001
00010001101101
00010011111010
00010101010010
00010111000000
00011000101110
00011010010010
00011011101000
00011101000011
00011110110010
00011111111110
00100001010001
00100010011010
00100011010110
00100100110001
00100101101111
00100110100010
00100111010010
00101000000001
00101000110110
00101001010001
00101010000111
00101010100000
00101010101100
00101011000101
00101011010011
00101011000111
00101011111001
00101011100011
00101011100111
00101011100100
00101011101110
00101011101100
00101011100001
00101011011001
00101011001110
00101011001100
00101010101001
00101010011111
00101010000100
00101001011100
00101000110011
00101000010000
00100111100100
00100110100000
00100101111010
00100100110000
00100011101110
00100010110010
00100001101010
00100000011011
00011111001001
00011101110101
00011100100111
00011011010011
00011001101010
00011000010101
00010110100000
00010101001111
00010011010000
00010001111010
00010000000010
00001110001011
00001100110001
00001010110101
00001000111001
00000111010100
00000101100001
00000011011100
00000001101010
11111111111101
11111101111101
11111011110010
11111010000101
11111000001111
11110110001110
11110100100001
11110011000101
11110001001011
11101110011110
11101100111001
11101011010100
11101001111101
11101000000011
11100110000011
11100100100011
11100011000010
11100001100000
11011111110000
11011110001011
11011100101011
11011011001010
11011001111011
11011000100011
11010111010010
11010110000101
11010100111101
11010011111010
11010010101000
11010001100011
11010000100110
11001111110000
11001110101011
11001110001110
11001101100000
11001101000011
11001100000110
11001011100110
11001011001011
11001010100001
11001010011011
11001010000101
11001010101000
11001010001010
11001010011100
11001010111100
11001011001001
11001011101100
11001100010111
11001101001000
11001101101100
11001110101001
11001111101000
11010000100101
11010001100101
11010010100101
11010011111011
11010101000010
11010110001000
11010111010110
11011000110011
11011010011001
11011011111000
11011101100110
11011111000000
11100000100011
11100010100001
11100011111101
11100101110011
11100111110111
11101001100000
11101011100010
11101101000100
11101111011000
11110001000010
11110011001100
11110100111110
11110111010010
11111000110100
11111011000111
11111100111000
11111111000000
00000000111101
00000010110010
00000100101011
00000110111101
00001000110011
00001010111110
00001100100111
00001110110000
00001111111010
00010010000100
00010011100011
00010101101011
00010111001010
00011000100111
00011010011010
00011011111010
00011101011100
00011110100000
00100000001001
00100001010100
00100010011101
00100011100010
00100100011100
00100101101111
00100110011101
00100111010010
00101000001111
00101000101110
00101001010010
00101001110000
00101010100001
00101010101010
00101010111100
00101011001101
00101011001010
00101011110000
00101011100101
00101011011110
00101011101010
00101011011100
00101011010110
00101011011111
00101011010011
00101011001001
00101010110101
00101010110010
00101010001101
00101001110000
00101001010110
00101000110001
00100111111011
00100111001000
00100110110010
00100101011010
00100100101111
00100011110101
00100010100101
00100001011110
00100000001000
00011111000111
00011101111111
00011100100011
00011010111100
00011001110001
00011000000010
00010110101101
00010100111011
00010011101000
00010001101100
00010000000111
00001110010010
00001100011001
00001010111001
00001001000001
00000110111011
00000101001010
00000011100001
00000001011111
11111111011010
11111101110111
11111100001001
11111010000011
11111000010101
11110110100011
11110100010010
11110010010110
11110000011001
11101110110111
11101100111100
11101011101011
11101001010010
11100111100111
11100110011001
11100100010011
11100010101111
11100000111011
11011111100110
11011110000110
11011100101010
11011011001010
11011001110100
11011000100000
11010111000110
11010101101010
11010100101101
11010011101011
11010010100110
11010001110010
11010000101110
11001111101000
11001110111111
11001110001011
11001101100000
11001100111100
11001011101111
11001011100110
11001011000010
11001010110101
11001010001100
11001010001100
11001001111001
11001010000000
11001010011001
11001010101111
11001011010010
11001011110100
11001100010100
11001101000011
11001101101011
11001110100101
11001111101000
11010000100110
11010001011010
11010010011101
11010011110010
11010100110111
11010110000001
11010111011000
11011000110100
11011010001111
11011011110110
11011101011100
11011111000000
11100000011110
11100010010000
11100100001101
11100101101110
11100111110000
11101001010101
11101011011010
11101101000010
11101111010100
11110001000111
11110011001011
11110100111100
11110111001111
11111000110100
11111011001101
11111100110110
11111111000110
00000000111011
00000010101111
00000100100110
00000110110000
00001000100001
00001010101010
00001100110110
00001110101001
00010000011101
00010001110101
00010011110000
00010101011000
00010110111010
00011000011111
00011010011101
00011011110110
00011101001011
00011110101101
00011111101110
00100001010101
00100010011101
00100100001000
00100100101011
00100101010101
00100110100011
00100111010000
00101000001111
00101000101101
00101001010100
00101001110110
00101010100010
00101010101101
00101011001000
00101010111010
00101010111110
00101011101000
00101011101010
00101011100001
00101011101001
00101011100001
00101011010111
00101011100010
00101011011010
00101011000111
00101011000001
00101010101110
00101010100100
00101010000001
00101001001111
00101000110001
00101000001101
00100111100010
00100110011011
00100101111001
00100100101111
00100011111000
00100010110000
00100001101111
00100000100010
00011111000110
00011101101101
00011100101000
00011011010010
00011001011111
00011000011010
00010110011100
00010101001101
00010011001111
00010001110000
00010000001100
00001110001101
00001100101001
00001010110010
00001000110101
00000111010010
00000101011010
00000011010011
00000001101001
11111111111010
11111101110111
11111011110101
11111001111110
11111000001100
11110110001110
11110100011011
11110010111111
11110001001110
11101110100110
11101101010000
11101011000110
11101001011010
11100111110100
11100110010111
11100100010011
11100010110110
11100001010101
11011111101100
11011110001011
11011100100011
11011011001101
11011001110000
11011000011100
11010111001011
11010101111010
11010100101110
11010011101101
11010010100011
11010001110100
11010000101011
11001111110101
11001110101000
11001110001100
11001101000000
11001100011100
11001100011100
11001011100101
11001011000001
11001010100100
11001010010111
11001001111010
11001001110111
11001010001111
11001010011001
11001010110010
11001011001011
11001011110001
11001100100011
11001101000111
11001101110101
11001110110101
11001111100100
11010000011100
11010001100110
11010010100101
11010011101000
11010101000010
11010110011000
11010111101011
11011001000011
11011010010110
11011011110101
11011101010010
11011110111111
11100000110011
11100010001011
11100100001011
11100101111101
11100111100100
11101001100111
11101011010100
11101101100010
11101110111110
11110000110101
11110011000000
11110101001110
11110111000011
11111001001011
11111010110110
11111101000110
11111111000000
00000000111000
00000011000101
00000100111011
00000111000010
00001000111100
00001010111001
00001100011010
00001110010110
00001111111100
00010010011111
00010011100100
00010101011111
00010111000010
00011000111101
00011010001110
00011011101000
00011101010101
00011110100100
00011111111100
00100001001001
00100010010101
00100011010111
00100100011100
00100101010000
00100110010011
00100111011110
00101000000000
00101000111011
00101001011100
00101001110111
00101010101001
00101010110011
00101011000111
00101011001000
00101011010111
00101011000111
00101011100011
00101011010110
00101011100111
00101011011101
00101011011010
00101011100001
00101011100000
00101011010010
00101010111000
00101010101101
00101010010011
00101001111100
00101001100001
00101000111101
00101000001010
00100111010001
00100110100011
00100101100011
00100100111001
00100011101101
00100010011111
00100001011110
00100000010101
00011111000010
00011101110100
00011100101000
00011011001000
00011001101010
00011000010100
00010110100000
00010101001110
00010011001000
00010001100111
00010000001011
00001110001011
00001100100001
00001010111001
00001000110011
00000111000110
00000101100011
00000011011011
00000001011110
11111111110101
11111101111110
11111011111010
11111010000001
11111000010010
11110110010010
11110100110001
11110010101010
11110000111000
11101111010111
11101101011001
11101011011110
11101001011101
11100111101111
11100110010010
11100100011111
11100010111011
11100001011010
11011111101100
11011110001110
11011100011111
11011011001010
11011001101011
11011000011111
11010111001110
11010101101101
11010101000011
11010011110000
11010010100101
11010001101010
11010000110000
11001111101011
11001110110110
11001110010110
11001101011100
11001100110000
11001100000100
11001011100001
11001011000110
11001010100111
11001010010111
11001010010001
11001010000011
11001010001001
11001010100100
11001010111110
11001011011110
11001011110001
11001100011100
11001101001001
11001101111000
11001110101010
11001111101000
11010000101011
11010001101010
11010010100111
11010100000001
11010101010001
11010110001111
11010111101010
11011001000001
11011010100011
11011100001010
11011101100101
11011111001110
11100000110110
11100010100111
11100100001011
11100110010000
11100111110100
11101001101011
11101011011111
11101101011101
11101111011011
11110001001110
11110011011010
11110101010000
11110111001100
11111001001010
11111011000101
11111101001110
11111110111101
00000001001101
00000011000010
00000101001001
00000110110111
00001000111101
00001010110000
00001100011100
00001110011110
00010000001000
00010010100010
00010100000100
00010101101001
00010111010010
00011001000001
00011010100101
00011100010010
00011101010000
00011110101001
00100000010001
00100001011001
00100010100100
00100011101001
00100100111000
00100101110111
00100110110101
00100111100000
00101000000110
00101001000101
00101001101111
00101001111000
00101010011111
00101010101111
00101010110110
00101011011111
00101011101000
00101011011110
00101011100100
00101011110001
00101011100110
00101011110000
00101011100101
00101011011000
00101011001100
00101011001101
00101011000001
00101010100010
00101010011001
00101001111110
00101001010110
00101000100001
00101000001011
00100111011010
00100110010111
00100101110101
00100100100110
00100011011111
00100010101100
00100001101000
00100000010110
00011111000101
00011101100011
00011100010010
00011011001100
00011001011001
00011000001010
00010110010101
00010101000101
00010011001011
00010001100110
00001111101110
00001110000000
00001100100000
00001010011110
00001000100111
00000111001000
00000101000010
00000011000010
00000001010101
11111111100110
11111101100011
11111011100111
11111001101110
11110111111101
11110101111111
11110100010110
11110010110001
11110000101000
11101111000110
11101101001110
11101011010101
11101001010000
11100111100010
11100110000101
11100100001010
11100010100110
11100001001101
11011111100010
11011101110010
11011100011001
11011010111110
11011001100000
11011000010001
11010111000011
11010101110010
11010100011111
11010011011001
11010010010001
11010001010111
11010000101001
11001111101010
11001110100100
11001110001001
11001100111111
11001100011010
11001011110001
11001011011100
11001011000110
11001010101000
11001010010001
11001001111010
11001001110100
11001010001001
11001010011111
11001010101100
11001011011001
11001011110110
11001100011001
11001101000100
11001101110101
11001110110000
11001111101001
11010000011110
11010001110000
11010010101000
11010011101111
11010100111111
11010110010101
11010111110001
11011001000011
11011010100111
11011011110100
11011101010001
11011110111011
11100000110101
11100010010010
11100100001110
11100101111011
11100111101011
11101001101000
11101011001110
11101101100101
11101111001100
11110001011101
11110011000101
11110101011000
11110111000100
11111001010101
11111010111111
11111101001101
11111111000001
00000000111110
00000011001000
00000101000101
00000110111111
00001001000000
00001011000010
00001100111001
00001110111010
00010000011110
00010010000001
00010011101000
00010101101100
00010111011001
00011001000011
00011010100010
00011011111100
00011101100001
00011110110011
00100000000101
00100001011011
00100010011010
00100011011111
00100100111100
00100110000011
00100110101010
00100111100011
00101000000001
00101001000010
00101001100100
00101001110111
00101010011010
00101010100101
00101011000000
00101011001101
00101011000100
00101011101111
00101011101000
00101011011010
00101011101101
00101011011000
00101011011110
00101011011001
00101011011010
00101011001000
00101010110100
00101010101110
00101010011110
00101001101100
00101001001011
00101000100010
00100111111100
00100111010111
00100110100010
00100101011111
00100100011101
00100011101110
00100010101100
00100001100100
00100000010011
00011111001010
00011101100111
00011100001001
00011011000011
00011001100000
00010111111101
00010110011010
00010100100111
00010011000101
00010001101100
00001111100100
00001110001001
00001100011010
00001010010011
00001000110000
00000111000001
00000100110011
00000010111111
00000001010111
11111111011001
11111101010010
11111011101000
11111001111011
11110111110011
11110110000001
11110100001000
11110010110010
11110000101110
11101111000101
11101101000010
11101011011101
11101001011001
11100111101010
11100101101101
11100100000001
11100010110010
11100001001010
11011111000111
11011101101100
11011100000111
11011010111001
11011001011100
11011000001100
11010110111001
11010101101010
11010100100001
11010011100011
11010010011010
11010001001010
11010000001111
11001111011100
11001110101101
11001101110101
11001101010101
11001100101010
11001011110100
11001011010101
11001010111110
11001010100111
11001010000110
11001001111100
11001001100111
11001001111100
11001010011001
11001010100010
11001011001110
11001011101011
11001100010000
11001100110111
11001101101001
11001110100110
11001111100011
11010000001110
11010001011011
11010010011001
11010011110000
11010101000100
11010110010101
11010111100100
11011001000000
11011010100100
11011100000001
11011101010001
11011110111111
11100000110010
11100010011001
11100100000110
11100101111001
11100111101000
11101001101111
11101011010110
11101101100000
11101111011000
11110001010010
11110011000000
11110101010011
11110111000010
11111001010000
11111010111111
11111101010110
11111111000111
00000001000011
00000011001010
00000101000100
00000111001001
00001001000001
00001011010000
00001101001001
00001110101101
00010000110010
00010001110110
00010011101001
00010101101001
00010111011000
00011000111001
00011010010111
00011011100110
00011101010110
00011110100011
00011111111010
00100001010100
00100010100000
00100011100010
00100100010010
00100101010011
00100110101011
00100111001110
00101000000000
00101001000011
00101001011110
00101001111101
00101010011001
00101010101110
00101011001100
00101010111101
00101011010110
00101011000100
00101011011101
00101011011011
00101011100000
00101011011001
00101011010011
00101011001011
00101011001101
00101011001101
00101010101110
00101010100111
00101010000100
00101001110011
00101001010111
00101000110001
00100111111110
00100111000010
00100110100001
00100101011100
00100100100110
00100011011111
00100010010101
00100001001010
00100000000001
00011110110111
00011101101111
00011100100100
00011010101101
00011001011111
00010111111010
00010110011101
00010100111000
00010011001010
00010001011100
00001111111101
00001101110110
00001100000100
00001010100111
00001000101000
00000110100010
00000101000111
00000011001111
00000001000110
11111111010111
11111101101101
11111011101011
11111001110100
11111000000100
11110101111110
11110100010100
11110010000001
11110000010000
11101110010100
11101100101001
11101010110010
11101001001110
11100111100001
11100101101111
11100011111010
11100010100111
11100001000001
11011111000100
11011101111001
11011100010101
11011010101101
11011001011101
11011000001011
11010111000110
11010101110010
11010100010110
11010011100001
11010010010001
11010001100000
11010000010110
11001111001101
11001110011010
11001101110001
11001100101101
11001100000000
11001011110110
11001011001000
11001010100011
11001010010011
11001010000001
11001001111100
11001001110011
11001001111101
11001010011000
11001010100110
11001011010001
11001011110001
11001100010011
11001100111010
11001101110101
11001110110010
11001111100100
11010000011001
11010001100010
11010010110010
11010011100011
11010100111010
11010110010010
11010111101101
11011000111111
11011010010010
11011011110101
11011101011000
11011111001011
11100000100101
11100010010101
11100100010110
11100101110111
11100111111000
11101001011111
11101011100100
11101101011100
11101111010011
11110001001110
11110011011001
11110101001010
11110111001111
11111001001000
11111011001011
11111101000010
11111111010101
00000000111010
00000011000001
00000100111001
00000110111111
00001000101010
00001010100101
00001100010111
00001110010010
00010000001101
00010010100101
00010011110000
00010101101100
00010111010101
00011000111011
00011010010000
00011100001001
00011101011111
00011110100110
00100000000110
00100001010101
00100010011110
00100011101001
00100100110011
00100101101110
00100110010010
00100111010001
00101000011000
00101000111000
00101001011100
00101001111101
00101010011110
00101010101100
00101010111001
00101011010010
00101011010111
00101011011101
00101011010010
00101011011110
00101011011001
00101011100001
00101011011110
00101011010101
00101011001101
00101010110110
00101010111001
00101010011101
00101010010011
00101001110000
00101001000101
00101000011110
00100111111100
00100111010111
00100110001110
00100101100011
00100100011101
00100011100010
00100010100111
00100001100001
00100000010101
00011110111011
00011101011101
00011100001011
00011010110011
00011001011010
00010111111001
00010110011000
00010100110101
00010010110111
00010001011101
00001111101010
00001101111100
00001100011000
00001010010010
00001000011101
00000110111011
00000100111010
00000010111100
00000001001111
11111111011110
11111101011010
11111011010111
11111001100100
11110111110111
11110101110101
11110100010111
11110001111010
11110000001001
11101110010110
11101100010011
11101010101010
11101000111101
11100111001111
11100101110110
11100100000001
11100010100100
11100000101010
11011111010101
11011101011011
11011100001101
11011010101101
11011001010100
11011000000110
11010110110100
11010101101100
11010100101000
11010011000110
11010010011001
11010001011000
11010000010000
11001111100101
11001110011100
11001101110110
11001100110100
11001100000101
11001011100001
11001011011101
11001010110101
11001010011100
11001001111110
11001001111010
11001001101000
11001001110101
11001010011100
11001010101000
11001011001100
11001011101100
11001100010010
11001100111110
11001101101000
11001110101100
11001111101010
11010000010101
11010001100111
11010010011110
11010011101100
11010101000011
11010110010010
11010111101010
11011001000101
11011010100000
11011011110000
11011101010100
11011111001000
11100000110011
11100010001111
11100100001011
11100101111010
11100111101000
11101001101111
11101011010110
11101101100100
11101111001101
11110001010011
11110011000101
11110101011001
11110111000000
11111001010010
11111011000011
11111101001010
11111111000011
00000001000000
00000011001110
00000100111110
00000111000100
00001000111011
00001010111010
00001100110101
00001110010001
00010000010001
00010010011110
00010011110111
00010101100101
00010111010110
00011000110101
00011010011000
00011100001010
00011101011101
00011110110111
00011111111011
00100001010000
00100010010101
00100011100011
00100100101010
00100101101100
00100110011010
00100111011100
00101000001101
00101000100101
00101001001011
00101001111110
00101010011001
00101010110000
00101010111111
00101010110101
00101010111011
00101011011110
00101011010101
00101011011011
00101011010010
00101011100000
00101011100100
00101011011111
00101011010100
00101011000000
00101010111010
00101010100100
00101010010101
00101001110010
00101001000110
00101000100101
00101000000101
00100111010000
00100110001111
00100101101000
00100100011010
00100011011100
00100010100000
00100001011010
00100000010000
00011110110101
00011101010111
00011100001010
00011011000101
00011001010000
00010111111010
00010101111111
00010100111000
00010010111010
00010001011100
00001111110001
00001101110110
00001100010100
00001010001111
00001000010101
00000110110100
00000100111111
00000010110110
00000000111101
11111111011010
11111101010111
11111011010101
11111001011111
11110111110010
11110101110000
11110100000110
11110001110011
11110000100101
11101110001010
11101100111110
11101010101001
11101001010010
11100111100000
11100101100101
11100100001110
11100010011011
11100000101101
11011110111111
11011101110100
11011100000101
11011010101111
11011001010110
11011000001101
11010110111011
11010101011011
11010100011111
11010011100000
11010010001110
11010001011101
11010000011000
11001111001101
11001110101011
11001101101100
11001101010011
11001100100100
11001011101011
11001011011010
11001010110001
11001010011100
11001010000001
11001001111010
11001001110010
11001001110111
11001010010110
11001010100110
11001011001110
11001011101000
11001100001110
11001101000000
11001101101101
11001110100010
11001111101101
11010000011001
11010001100110
11010010100100
11010011111001
11010100110111
11010110010100
11010111101100
11011001001010
11011010100101
11011100000100
11011101011001
11011111000000
11100000111001
11100010011000
11100011111111
11100110001001
11100111110011
11101001111100
11101011011001
11101101101100
11101111010011
11110001011110
11110011001111
11110101010110
11110111000100
11111001011001
11111011000110
11111101001101
11111111000111
00000001001010
00000011010010
00000101001001
00000111001011
00001000110100
00001010110101
00001100101010
00001110010011
00010000001010
00010010010101
00010011101011
00010101110000
00010111100000
00011000111000
00011010011110
00011011110101
00011101100000
00011110100010
00100000000001
00100001010001
00100010011110
00100011101000
00100100101101
00100101101001
00100110100011
00100111011101
00100111111001
00101000110010
00101001100111
00101001101101
00101010010011
00101010100100
00101010110001
00101011010010
00101011011100
00101011001101
00101011010001
00101011010111
00101011011011
00101011011000
00101011010010
00101011010001
00101011001101
00101011000010
00101010100111
00101010101001
00101010000011
00101001100100
00101001001001
00101000011111
00100111101100
00100111000001
00100110011001
00100101001110
00100100100001
00100011100001
00100010010110
00100001001000
00011111111110
00011110111010
00011101101001
00011100000100
00011010011111
00011001010100
00010111100110
00010110010101
00010100011100
00010011000001
00010001000010
00001111010010
00001101111000
00001100000000
00001010001111
00001000101000
00000110100000
00000100101010
00000011000011
00000001001000
11111111000110
11111101010000
11111011011111
11111001101010
11110111100010
11110101111010
11110011111001
11110001110100
11101111110110
11101110001011
11101100010001
11101010101010
11101000111011
11100111010110
11100101101001
11100011111010
11100010001100
11100000111001
11011111001110
11011101011111
11011011111010
11011010101011
11011001010111
11011000000000
11010110101110
11010101011110
11010100001100
11010011001101
11010010010000
11010001010100
11010000010100
11001111011010
11001110001111
11001101100110
11001100111010
11001100100110
11001011101101
11001011000111
11001010101100
11001010010110
11001001111111
11001001110100
11001001110101
11001001111101
11001010010010
11001010101011
11001011010111
11001011101010
11001100001111
11001100111011
11001101101110
11001110101011
11001111101100
11010000010011
11010001011100
11010010101100
11010011101010
11010101000100
11010110010111
11010111110010
11011001001001
11011010011111
11011011110010
11011101100001
11011111010100
11100000110110
11100010100100
11100100100001
11100101111010
11100111110000
11101001100111
11101011100011
11101101011011
11101111011101
11110001100010
11110011010000
11110101010111
11110111010110
11111001010100
11111011010101
11111101000110
11111111010111
00000001000010
00000011000011
00000100111100
00000111000100
00001000111001
00001010101011
00001100011010
00001110101101
00010000010011
00010010000011
00010011101110
00010101111110
00010111101000
00011000110000
00011010100001
00011100001001
00011101010100
00011110101111
00100000010010
00100001010110
00100010100101
00100011011101
00100100100010
00100101011001
00100110101101
00100111001011
00100111111111
00101000111011
00101001101011
00101001111010
00101010010010
00101010110010
00101011000110
00101010110111
00101010111011
00101011100010
00101011100001
00101011100010
00101011011100
00101011010101
00101011010000
00101011001010
00101011000011
00101011000000
00101010110100
00101010100010
00101001111011
00101001100101
00101001010000
00101000011111
00100111110010
00100110110011
00100110001010
00100101001010
00100100100001
00100011011001
00100010001001
00100001000001
00011111110010
00011110101100
00011101100100
00011100001010
00011010100100
00011001010111
00010111101000
00010110001011
00010100010100
00010010111101
00010000111111
00001111100001
00001101110001
00001011110000
00001010001100
00001000011101
00000110011000
00000100101010
00000010111111
00000001000001
11111110111010
11111101000111
11111011100001
11111001100010
11110111100110
11110101111001
11110011100110
11110001111100
11101111110011
11101110001110
11101100000111
11101010100101
11101000110110
11100111010000
11100101101111
11100011101111
11100010000000
11100000110011
11011111000011
11011101010110
11011100000111
11011010101001
11011001001100
11010111101001
11010110011001
11010101100000
11010100011100
11010011000010
11010010001010
11010001001001
11010000001100
11001111001010
11001110100010
11001101111100
11001100111110
11001100010011
11001011110001
11001011001000
11001010101111
11001010010010
11001001110101
11001001101011
11001001100110
11001010000000
11001010010110
11001010100000
11001011000111
11001011111110
11001100010011
11001100111001
11001101110011
11001101111000
11001111100000
11010000011101
11010001100011
11010010101100
11010011101001
11010100110110
11010110001101
11010111100111
11011000111000
11011010010101
11011011110110
11011101011111
11011111010000
11100000101000
11100010010011
11100100010000
11100101111000
11100111111000
11101001100010
11101011101111
11101101010001
11101111011000
11110001001110
11110011011001
11110101001010
11110111011001
11111001000001
11111011010110
11111101000000
11111111010101
00000001000010
00000011000100
00000101000001
00000110111010
00001000110100
00001010110111
00001100111000
00001111000010
00010000111001
00010010000101
00010011110010
00010101110101
00010111011100
00011001000000
00011010100011
00011011110111
00011101100010
00011110111010
00100000001000
00100001011000
00100010011110
00100011100111
00100100101001
00100101111000
00100110100100
00100111011001
00100111111010
00101000110010
00101001011111
00101001110101
00101010000110
00101010101011
00101010111000
00101011001000
00101011001001
00101011010101
00101011001101
00101011001101
00101011011010
00101011010010
00101011010110
00101011010100
00101011001111
00101010111111
00101010101010
00101010100001
00101010000111
00101001011110
00101001000101
00101000011001
00100111110010
00100111001100
00100110001010
00100101011010
00100100001101
00100011011001
00100010011000
00100001010100
00100000001101
00011110110010
00011101001111
00011100000001
00011010111001
00011000111110
00010111101101
00010101111110
00010100101011
00010010110000
00010001011011
00001111100110
00001101100010
00001100000101
00001010001011
00001000001110
00000110101100
00000100110110
00000010101110
00000000111010
11111111010001
11111101001100
11111011010000
11111001010101
11110111101101
11110101101100
11110011101101
11110010011110
11110000000110
11101110100101
11101100010100
11101010100011
11101000111100
11100111000100
11100101100110
11100011101100
11100010000001
11100000101110
11011111001100
11011101101101
11011011111000
11011010100110
11011001001111
11010111111100
11010110110100
11010101100111
11010100011100
11010011001100
11010010010010
11010001000000
11010000001100
11001111001001
11001110010101
11001101100110
11001100110001
11001100001110
11001011100111
11001010111111
11001010100100
11001010001011
11001001110010
11001001100111
11001001101011
11001001111100
11001010001001
11001010101001
11001010111010
11001011101011
11001101001100
11001101000011
11001101110010
11001110101011
11001111011010
11010000100000
11010001011001
11010010110010
11010011101100
11010100110111
11010110001001
11010111011000
11011000111100
11011010010001
11011011111010
11011101101101
11011111001011
11100000101010
11100010100011
11100100001101
11100110000011
11100111111110
11101001100101
11101011101110
11101101010111
11101111100101
11110001001000
11110011100010
11110101001101
11110111011111
11111001001111
11111011011101
11111101001110
11111111000111
00000001010001
00000011001010
00000101010000
00000111000111
00001001001101
00001011001011
00001100110001
00001110010011
00010000001010
00010010000110
00010011110110
00010101110100
00010111100111
00011000110011
00011010010101
00011100000011
00011101011010
00011110101001
00100000001100
00100001010000
00100010011110
00100011100010
00100100110000
00100101101001
00100110001111
00100111001000
00101000001000
00101000110110
00101001011111
00101010000011
00101010001001
00101010101111
00101010111110
00101010110101
00101010111001
00101011011000
00101011011100
00101011100000
00101011011010
00101011011010
00101011010101
00101011001000
00101010111010
00101010111100
00101010101111
00101010010010
00101010000101
00101001101100
00101001000010
00101000011100
00100111110011
00100110111010
00100110000100
00100101010101
00100100010011
00100011000010
00100010000011
00100000111010
00011111101010
00011110011100
00011101001011
00011011111011
00011010011011
00011001000010
00010111100010
00010101110110
00010100011101
00010010101011
00010000110000
00001111010101
00001101100001
00001011011111
00001010001100
00001000001000
00000110001100
00000100100110
00000010101101
00000000101110
11111110110010
11111101001100
11111011001010
11111001001101
11110111011111
11110101101101
11110011011010
11110001100111
11101111100011
11101101110010
11101100000001
11101010001000
11101000110010
11100111000111
11100101001011
11100011110011
11100001111100
11100000010111
11011110101110
11011101011010
11011011110001
11011010010010
11011001001100
11010111110101
11010110100010
11010101001011
11010100000101
11010011001111
11010001111010
11010001000011
11001111111111
11001111010010
11001110000100
11001101100001
11001100101111
11001100010000
11001011100011
11001011001010
11001010101001
11001010010001
11001001111010
11001001101110
11001001100010
11001001110011
11001010001110
11001010101110
11001011000011
11001011101100
11001100010110
11001101000111
11001101110110
11001110101000
11001111011101
11010000110001
11010001011100
11010010110011
11010100000101
11010100111000
11010110001010
11010111011101
11011000111010
11011010011011
11011100000101
11011101101100
11011111000100
11100000111001
11100010101111
11100100001100
11100110001101
11100111111000
11101001110000
11101011100111
11101101101001
11101111101010
11110001011001
11110011011101
11110101010100
11110111011001
11111001010111
11111011010000
11111101010100
11111111000111
00000001010101
00000011010000
00000101010010
00000111000110
00001001001110
00001011001101
00001100101111
00001110011101
00010000001111
00010010001101
00010100010110
00010101100110
00010111010011
00011001000001
00011010100010
00011011111101
00011101011011
00011110111010
00100000011001
00100001011001
00100010011011
00100011100101
00100100101001
00100101101011
00100110101000
00100111010101
00100111111010
00101000110010
00101001100111
00101001110001
00101010010010
00101010011101
00101010101100
00101011001010
00101011011100
00101011001011
00101011001110
00101011001110
00101011010111
00101011010010
00101011001000
00101011000111
00101011001010
00101010111110
00101010100101
00101010100000
00101001110011
00101001011100
00101001000001
00101000010110
00100111100011
00100110111011
00100110001011
00100101000100
00100100010001
00100011010101
00100010001000
00100000111110
00011111110101
00011110101110
00011101010010
00011011101100
00011010100011
00011001000011
00010111011011
00010101111011
00010100001010
00010010101100
00010000111011
00001111000011
00001101101001
00001011110101
00001001110010
00001000010000
00000110011100
00000100010011
00000010011010
00000000110111
11111110110111
11111100110011
11111011000100
11111001001101
11110111001111
11110101010100
11110011110111
11110001110010
11110000010010
11101110100001
11101100010010
11101010110010
11101000101101
11100111000000
11100101001100
11100011101001
11100010000110
11100000100110
11011110110111
11011101010011
11011011101110
11011010011010
11011000111011
11010111100000
11010110100100
11010101010111
11010100000011
11010010110101
11010001110101
11010000110000
11010000000010
11001110110101
11001110011010
11001101011110
11001100101111
11001011111000
11001011010111
11001011000101
11001010100010
11001010001010
11001001110101
11001001100101
11001001100010
11001001110111
11001010000100
11001010101010
11001011000100
11001011011110
11001100001011
11001100111000
11001101100100
11001110011100
11001111100001
11010000011001
11010001101110
11010010011110
11010011110110
11010101001100
11010110010011
11010111101010
11011001000101
11011010100110
11011100000011
11011101011011
11011111001100
11100000101001
11100010010000
11100100001101
11100110001101
11100111111100
11101010000110
11101011100010
11101101110010
11101111011101
11110001101111
11110011010000
11110101101001
11110111010111
11111001011010
11111011010111
11111101011011
11111111011010
00000001010001
00000011011010
00000101001011
00000111001111
00001000111110
00001010111010
00001101001100
00001111000001
00010000111010
00010010100111
00010100000001
00010101110010
00010111001110
00011001000101
00011010101111
00011011111011
00011101011000
00011110111001
00100000001011
00100001010010
00100010100111
00100011101110
00100100100110
00100101100111
00100110111001
00100111010011
00101000001101
00101000111000
00101001010010
00101010000001
00101010100001
00101010100001
00101010100111
00101011010100
00101011011010
00101011001010
00101011010111
00101011011001
00101011010110
00101011010101
00101011010011
00101011010011
00101011001101
00101010111001
00101010101000
00101010011111
00101010000101
00101001011010
00101000110100
00101000010100
00100111100010
00100110111010
00100110010000
00100101001001
00100100000110
00100011010011
00100010010001
00100000111011
00011111110010
00011110101100
00011101010001
00011011101000
00011010010110
00011000111111
00010111010011
00010101111100
00010100001101
00010010101010
00010001000100
00001111000001
00001101011010
00001011100011
00001001110101
00001000001101
00000110001111
00000100001100
00000010100001
00000000110101
11111110110000
11111100101101
11111011000100
11111001000110
11110111001000
11110101001111
11110011110010
11110010001000
11101111110011
11101110001110
11101011111100
11101010010101
11101000101010
11100110111111
11100101001001
11100011110000
11100010000010
11100000100101
11011110101111
11011101010000
11011011110111
11011010011010
11011000111010
11010111101001
11010110101100
11010101000110
11010100000001
11010011000100
11010001111010
11010000110100
11010000000001
11001111001000
11001110010001
11001101010000
11001100111001
11001100001000
11001011010110
11001011000101
11001010011110
11001010000111
11001001111001
11001001011011
11001001101001
11001001111001
11001001111111
11001010100101
11001010111011
11001011101001
11001100010001
11001101000000
11001101110010
11001110011101
11001111011110
11010000100000
11010001011001
11010010101000
11010011111100
11010101001001
11010110010111
11010111101111
11011001000111
11011010100110
11011100001011
11011101100100
11011111000010
11100001000001
11100010101101
11100100011010
11100110010100
11100111110111
11101010000010
11101011100100
11101101110001
11101111011111
11110001101100
11110011011001
11110101100110
11110111010110
11111001100111
11111011011000
11111101100101
11111111010101
00000001011010
00000011011110
00000101001101
00000111010010
00001000111110
00001010110111
00001100111001
00001111001010
00010001000100
00010010101111
00010100000010
00010101111010
00010111010101
00011001001101
00011010101010
00011100010001
00011101101101
00011110100011
00100000010000
00100001011001
00100010100010
00100011110010
00100100101011
00100101100010
00100110010010
00100111001100
00101000000101
00101000111010
00101001011101
00101010000011
00101010001010
00101010101100
00101010110101
00101011001011
00101011010011
00101011001100
00101011001101
00101011001111
00101011010101
00101011001011
00101011001010
00101011001101
00101011001100
00101010111010
00101010100100
00101010011101
00101001110010
00101001010010
00101000111001
00101000001111
00100111011100
00100110111001
00100101111101
00100101000010
00100100000000
00100011011000
00100010000110
00100000111010
00011111110011
00011110011110
00011101000100
00011011100100
00011010011010
00011000101010
00010111010110
00010101111000
00010100000111
00010010010000
00010000111001
00001110111111
00001101010001
00001011101001
00001001100011
00000111111010
00000110010001
00000100001101
00000010001110
00000000101100
11111110101101
11111100101000
11111010110000
11111000111011
11110111010000
11110101010010
11110011011010
11110010000010
11101111011110
11101110000101
11101011110101
11101001111100
11101000101111
11100111000010
11100101001110
11100011011101
11100001111110
11100000011010
11011110110101
11011101001000
11011011100110
11011010010101
11011000111100
11010111011111
11010110010100
11010101001000
11010011111010
11010010111000
11010001111000
11010000101011
11001111111010
11001110110010
11001110010100
11001101001111
11001100101011
11001011111001
11001011010111
11001010111001
11001010011000
11001010000100
11001001111011
11001001100011
11001001100111
11001001111100
11001010001101
11001010110101
11001011000001
11001011101001
11001100010110
11001100111110
11001101110001
11001110100101
11001111101010
11010000100001
11010001110100
11010010101110
11010011111000
11010101010011
11010110100011
11010111111011
11011001010100
11011010100101
11011100000010
11011101101101
11011111100000
11100000110111
11100010101001
11100100101111
11100110001000
11101000001110
11101001111110
11101100000000
11101101111011
11101111101101
11110001010110
11110011101111
11110101101101
11110111101011
11111001100000
11111011101001
11111101011110
11111111111110
00000001011000
00000011011000
00000101011111
00000111001101
00001001011011
00001011011111
00001101000101
00001110100011
00010000011110
00010010011100
00010100001000
00010110001110
00010111110100
00011001010001
00011010111001
00011100011010
00011101110101
00011111001011
00100000010110
00100001100101
00100010101100
00100011101010
00100100110000
00100101110001
00100110110011
00100111101010
00101000011101
00101000101010
00101000110110
00101001110100
00101010001011
00101010100111
00101010101100
00101011001111
00101011010000
00101011100100
00101011001010
00101011001011
00101011011000
00101011001101
00101011001101
00101011001100
00101011000101
00101010111010
00101010011001
00101010010111
00101001110101
00101001010000
00101000110001
00101000000001
00100111011011
00100110110100
00100101110111
00100101000011
00100011110110
00100011000101
00100010000010
00100000111000
00011111101001
00011110001111
00011100110110
00011011101011
00011010011001
00011000011111
00010111010001
00010101100000
00010100000110
00010010011010
00010000100101
00001111001001
00001101000010
00001011010111
00001001101011
00000111110000
00000101110110
00000100010001
00000010001111
00000000010001
11111110100101
11111100111001
11111010110011
11111001000001
11110111001010
11110101010111
11110011001100
11110001000011
11101111101100
11101101100101
11101100010110
11101010010010
11101000101010
11100110110001
11100101000011
11100011001101
11100001101010
11100000010111
11011110100001
11011100111101
11011011011000
11011001111010
11011000110110
11010111100011
11010110001000
11010100110111
11010011111101
11010010101011
11010001101101
11010000101011
11001111110101
11001110101100
11001110001101
11001101000111
11001100110111
11001100000111
11001011011111
11001010101010
11001010011111
11001010001010
11001001101000
11001001100101
11001001100000
11001001101011
11001010010001
11001010100000
11001011000010
11001011101010
11001100010100
11001101000010
11001101101110
11001110101100
11001111000110
11010000100011
11010001100000
11010010110010
11010011110110
11010101000100
11010110010011
11010111100000
11011000111111
11011010100010
11011100001010
11011101110110
11011111010011
11100000111000
11100010110100
11100100100001
11100110010110
11101000010001
11101001110100
11101011111011
11101101101000
11101111110110
11110001100001
11110011110010
11110101100001
11110111101111
11111001100010
11111011101000
11111101100001
11111111100010
00000001100101
00000011011011
00000101100010
00000111011111
00001001010101
00001010111010
00001101010000
00001110110111
00010000110010
00010010100010
00010100000100
00010110001011
00010111011010
00011001000111
00011010110001
00011100010001
00011101010110
00011110111101
00100000011000
00100001011111
00100010101100
00100011101101
00100100101110
00100101011100
00100110101101
00100111010010
00101000001110
00101001000000
00101001100110
00101001110010
00101010001111
00101010111010
00101010111110
00101010101101
00101011010101
00101010111110
00101011000111
00101011010011
00101011010100
00101011001101
00101011000111
00101011001010
00101011000110
00101010110101
00101010101011
00101010010011
00101010000101
00101001100001
00101000111010
00101000010000
00100111101101
00100110101011
00100110000100
00100100111101
00100100010011
00100011001010
00100010000000
00100000110100
00011111101110
00011110100101
00011101001001
00011011100011
00011010010101
00011000110110
00010111010000
00010101101010
00010100000111
00010010010110
00010000110000
00001110110100
00001101010001
00001011100110
00001001100001
00000111110101
00000110001100
00000100000100
00000010001110
00000000100100
11111110101011
11111100100110
11111010101111
11111000110010
11110111001101
11110101010011
11110011000111
11110001001001
11110000000110
11101101110100
11101100100000
11101010101001
11101000101101
11100110111010
11100101001101
11100011010101
11100001101110
11100000010000
11011110100000
11011101001110
11011011011100
11011010001101
11011000110010
11010111100101
11010110001100
11010100111111
11010100000011
11010010110000
11010001111011
11010000111100
11001111111100
11001110111110
11001110001110
11001101011010
11001100101101
11001011101011
11001011010100
11001011000110
11001010011110
11001001111101
11001010000001
11001001100001
11001001011110
11001001111101
11001010001100
11001010011110
11001011001001
11001011101101
11001100010110
11001101000001
11001101111011
11001110100110
11001111011011
11010000101011
11010001011011
11010010110110
11010011111011
11010100111010
11010110010000
11010111100100
11011001000100
11011010011000
11011100001101
11011101101100
11011111001100
11100001001000
11100010111100
11100100010010
11100110011100
11101000001000
11101010000000
11101011101101
11101101101111
11101111110010
11110001101110
11110011100111
11110101100010
11110111011100
11111001101101
11111011101011
11111101101100
11111111011001
00000001100010
00000011100100
00000101100000
00000111101001
00001001001010
00001010111101
00001101011110
00001110101110
00010000100101
00010010011001
00010100000011
00010110010000
00010111100000
00011001001110
00011010110001
00011100011100
00011101100110
00011111001010
00100000000111
00100001100011
00100010101110
00100011100110
00100100111100
00100101110010
00100110110100
00100111101101
00101000011000
00101000111010
00101001011001
00101001111001
00101010010110
00101010101001
00101011000000
00101010111010
00101010111100
00101011100101
00101011011011
00101011011011
00101011010111
00101011010011
00101011010011
00101011001111
00101011000011
00101010110000
00101010101110
00101010001111
00101010000110
00101001011101
00101000111001
00101000001111
00100111110000
00100110110100
00100101111000
00100100111110
00100100001001
00100010111011
00100001101100
00100000101000
00011111011000
00011110001011
00011101000100
00011011110010
00011010000011
00011000111011
00010111000010
00010101101001
00010011101100
00010010100000
00010000100100
00001111000000
00001101011000
00001011010110
00001001101100
00000111111111
00000101110111
00000100000101
00000010100000
00000000011100
11111110011001
11111100101010
11111010111010
11111001000000
11110110111001
11110100111100
11110011100001
11110001100101
11101111010011
11101101100101
11101100001010
11101010010110
11101000101010
11100110111011
11100101001100
11100011001001
11100001100111
11100000010010
11011110010111
11011101001011
11011011110000
11011010001000
11011000111001
11010111100110
11010110011111
11010101000011
11010011111110
11010010111110
11010001110101
11010000110011
11001111111010
11001111001000
11001110010101
11001101011011
11001100101101
11001011101111
11001011100100
11001010111000
11001010101001
11001010001111
11001001101101
11001001101001
11001001101111
11001001110011
11001010010101
11001010100110
11001011001000
11001011110100
11001100011000
11001101000100
11001101111101
11001110110011
11001111011111
11010000110100
11010001100110
11010010111000
11010011111110
11010101001011
11010110100110
11010111101101
11011001001101
11011010110010
11011100010110
11011101111001
11011111010010
11100001000111
11100010101111
11100100011101
11100110100010
11101000000001
11101010001101
11101011111000
11101101111100
11101111110010
11110001110001
11110011100100
11110101110101
11110111100011
11111001101110
11111011100001
11111101110101
11111111011100
00000001101011
00000011101010
00000101010111
00000111011110
00001001001110
00001011010000
00001101011100
00001110101110
00010000011110
00010010010100
00010100010101
00010110000110
00010111111110
00011001001111
00011010110011
00011100001100
00011101110100
00011110111001
00100000010101
00100001100111
00100010101111
00100011110010
00100100110110
00100101111010
00100110110010
00100111010100
00100111111101
00101001000010
00101001100101
00101010000101
00101010100000
00101010011111
00101011000100
00101010110101
00101011000110
00101010111100
00101011011001
00101011011011
00101011001010
00101011010111
00101011011000
00101011001010
00101010111010
00101010101001
00101010101011
00101010001010
00101001110110
00101001100001
00101000111100
00101000010010
00100111011110
00100110011111
00100110000010
00100100111001
00100100000011
00100011000101
00100001111111
00100000110011
00011111101010
00011110011101
00011101001000
00011011011011
00011010001101
00011000101001
00010111001111
00010101101001
00010100001000
00010010001011
00010000110110
00001110110110
00001101000000
00001011011010
00001001011111
00000111101101
00000110000110
00000100001000
00000010000101
00000000011110
11111110101010
11111100100111
11111010101110
11111000101110
11110111001001
11110101001110
11110011000010
11110001001001
11110000000011
11101101111111
11101100001100
11101010011001
11101000011110
11100110111100
11100101001001
11100011001011
11100001100100
11100000001111
11011110011110
11011100111110
11011011100011
11011010001100
11011000110010
11010111100000
11010110010001
11010100111001
11010100000010
11010010110101
11010001011110
11010000110100
11001111110001
11001110101101
11001101111110
11001101000111
11001100110110
11001100001100
11001011010101
11001010111001
11001010011000
11001010001100
11001001110010
11001001100111
11001001100111
11001001110001
11001010001110
11001010011110
11001011001100
11001011101111
11001100010010
11001100111101
11001101110011
11001110110010
11001111100100
11010000101000
11010001100110
11010010110111
11010011110101
11010100111110
11010110010110
