00000000000000
00001001001110
00010010011001
00011011011101
00100100010101
00101101000000
00110101011010
00111101011111
01000101001101
01001100100001
01010011011010
01011001110101
01011111110000
01100101001100
01101010000110
01101110011111
01110010010110
01110101101100
01111000100001
01111010110110
01111100101101
01111110001000
01111111000111
01111111101110
01111111111111
01111111111100
01111111101000
01111111000101
01111110010111
01111101011111
01111100100010
01111011100001
01111010100000
01111001100000
01111000100100
01110111101101
01110110111110
01110110011000
01110101111100
01110101101011
01110101100101
01110101101011
01110101111100
01110110011000
01110110111110
01110111101101
01111000100100
01111001100000
01111010100000
01111011100001
01111100100010
01111101011111
01111110010111
01111111000101
01111111101000
01111111111100
01111111111111
01111111101110
01111111000111
01111110001000
01111100101101
01111010110110
01111000100001
01110101101100
01110010010110
01101110011111
01101010000110
01100101001100
01011111110000
01011001110101
01010011011010
01001100100001
01000101001101
00111101011111
00110101011010
00101101000000
00100100010101
00011011011101
00010010011001
00001001001110
00000000000000
11110110110010
11101101100111
11100100100011
11011011101011
11010011000000
11001010100110
11000010100001
10111010110011
10110011011111
10101100100110
10100110001011
10100000010000
10011010110100
10010101111010
10010001100001
10001101101010
10001010010100
10000111011111
10000101001010
10000011010011
10000001111000
10000000111001
10000000010010
10000000000001
10000000000100
10000000011000
10000000111011
10000001101001
10000010100001
10000011011110
10000100011111
10000101100000
10000110100000
10000111011100
10001000010011
10001001000010
10001001101000
10001010000100
10001010010101
10001010011011
10001010010101
10001010000100
10001001101000
10001001000010
10001000010011
10000111011100
10000110100000
10000101100000
10000100011111
10000011011110
10000010100001
10000001101001
10000000111011
10000000011000
10000000000100
10000000000001
10000000010010
10000000111001
10000001111000
10000011010011
10000101001010
10000111011111
10001010010100
10001101101010
10010001100001
10010101111010
10011010110100
10100000010000
10100110001011
10101100100110
10110011011111
10111010110011
11000010100001
11001010100110
11010011000000
11011011101011
11100100100011
11101101100111
11110110110010
00000000000000
00001001001110
00010010011001
00011011011101
00100100010101
00101101000000
00110101011010
00111101011111
01000101001101
01001100100001
01010011011010
01011001110101
01011111110000
01100101001100
01101010000110
01101110011111
01110010010110
01110101101100
01111000100001
01111010110110
01111100101101
01111110001000
01111111000111
01111111101110
01111111111111
01111111111100
01111111101000
01111111000101
01111110010111
01111101011111
01111100100010
01111011100001
01111010100000
01111001100000
01111000100100
01110111101101
01110110111110
01110110011000
01110101111100
01110101101011
01110101100101
01110101101011
01110101111100
01110110011000
01110110111110
01110111101101
01111000100100
01111001100000
01111010100000
01111011100001
01111100100010
01111101011111
01111110010111
01111111000101
01111111101000
01111111111100
01111111111111
01111111101110
01111111000111
01111110001000
01111100101101
01111010110110
01111000100001
01110101101100
01110010010110
01101110011111
01101010000110
01100101001100
01011111110000
01011001110101
01010011011010
01001100100001
01000101001101
00111101011111
00110101011010
00101101000000
00100100010101
00011011011101
00010010011001
00001001001110
00000000000000
11110110110010
11101101100111
11100100100011
11011011101011
11010011000000
11001010100110
11000010100001
10111010110011
10110011011111
10101100100110
10100110001011
10100000010000
10011010110100
10010101111010
10010001100001
10001101101010
10001010010100
10000111011111
10000101001010
10000011010011
10000001111000
10000000111001
10000000010010
10000000000001
10000000000100
10000000011000
10000000111011
10000001101001
10000010100001
10000011011110
10000100011111
10000101100000
10000110100000
10000111011100
10001000010011
10001001000010
10001001101000
10001010000100
10001010010101
10001010011011
10001010010101
10001010000100
10001001101000
10001001000010
10001000010011
10000111011100
10000110100000
10000101100000
10000100011111
10000011011110
10000010100001
10000001101001
10000000111011
10000000011000
10000000000100
10000000000001
10000000010010
10000000111001
10000001111000
10000011010011
10000101001010
10000111011111
10001010010100
10001101101010
10010001100001
10010101111010
10011010110100
10100000010000
10100110001011
10101100100110
10110011011111
10111010110011
11000010100001
11001010100110
11010011000000
11011011101011
11100100100011
11101101100111
11110110110010
00000000000000
00001001001110
00010010011001
00011011011101
00100100010101
00101101000000
00110101011010
00111101011111
01000101001101
01001100100001
01010011011010
01011001110101
01011111110000
01100101001100
01101010000110
01101110011111
01110010010110
01110101101100
01111000100001
01111010110110
01111100101101
01111110001000
01111111000111
01111111101110
01111111111111
01111111111100
01111111101000
01111111000101
01111110010111
01111101011111
01111100100010
01111011100001
01111010100000
01111001100000
01111000100100
01110111101101
01110110111110
01110110011000
01110101111100
01110101101011
01110101100101
01110101101011
01110101111100
01110110011000
01110110111110
01110111101101
01111000100100
01111001100000
01111010100000
01111011100001
01111100100010
01111101011111
01111110010111
01111111000101
01111111101000
01111111111100
01111111111111
01111111101110
01111111000111
01111110001000
01111100101101
01111010110110
01111000100001
01110101101100
01110010010110
01101110011111
01101010000110
01100101001100
01011111110000
01011001110101
01010011011010
01001100100001
01000101001101
00111101011111
00110101011010
00101101000000
00100100010101
00011011011101
00010010011001
00001001001110
00000000000000
11110110110010
11101101100111
11100100100011
11011011101011
11010011000000
11001010100110
11000010100001
10111010110011
10110011011111
10101100100110
10100110001011
10100000010000
10011010110100
10010101111010
10010001100001
10001101101010
10001010010100
10000111011111
10000101001010
10000011010011
10000001111000
10000000111001
10000000010010
10000000000001
10000000000100
10000000011000
10000000111011
10000001101001
10000010100001
10000011011110
10000100011111
10000101100000
10000110100000
10000111011100
10001000010011
10001001000010
10001001101000
10001010000100
10001010010101
10001010011011
10001010010101
10001010000100
10001001101000
10001001000010
10001000010011
10000111011100
10000110100000
10000101100000
10000100011111
10000011011110
10000010100001
10000001101001
10000000111011
10000000011000
10000000000100
10000000000001
10000000010010
10000000111001
10000001111000
10000011010011
10000101001010
10000111011111
10001010010100
10001101101010
10010001100001
10010101111010
10011010110100
10100000010000
10100110001011
10101100100110
10110011011111
10111010110011
11000010100001
11001010100110
11010011000000
11011011101011
11100100100011
11101101100111
11110110110010
00000000000000
00001001001110
00010010011001
00011011011101
00100100010101
00101101000000
00110101011010
00111101011111
01000101001101
01001100100001
01010011011010
01011001110101
01011111110000
01100101001100
01101010000110
01101110011111
01110010010110
01110101101100
01111000100001
01111010110110
01111100101101
01111110001000
01111111000111
01111111101110
01111111111111
01111111111100
01111111101000
01111111000101
01111110010111
01111101011111
01111100100010
01111011100001
01111010100000
01111001100000
01111000100100
01110111101101
01110110111110
01110110011000
01110101111100
01110101101011
01110101100101
01110101101011
01110101111100
01110110011000
01110110111110
01110111101101
01111000100100
01111001100000
01111010100000
01111011100001
01111100100010
01111101011111
01111110010111
01111111000101
01111111101000
01111111111100
01111111111111
01111111101110
01111111000111
01111110001000
01111100101101
01111010110110
01111000100001
01110101101100
01110010010110
01101110011111
01101010000110
01100101001100
01011111110000
01011001110101
01010011011010
01001100100001
01000101001101
00111101011111
00110101011010
00101101000000
00100100010101
00011011011101
00010010011001
00001001001110
00000000000000
11110110110010
11101101100111
11100100100011
11011011101011
11010011000000
11001010100110
11000010100001
10111010110011
10110011011111
10101100100110
10100110001011
10100000010000
10011010110100
10010101111010
10010001100001
10001101101010
10001010010100
10000111011111
10000101001010
10000011010011
10000001111000
10000000111001
10000000010010
10000000000001
10000000000100
10000000011000
10000000111011
10000001101001
10000010100001
10000011011110
10000100011111
10000101100000
10000110100000
10000111011100
10001000010011
10001001000010
10001001101000
10001010000100
10001010010101
10001010011011
10001010010101
10001010000100
10001001101000
10001001000010
10001000010011
10000111011100
10000110100000
10000101100000
10000100011111
10000011011110
10000010100001
10000001101001
10000000111011
10000000011000
10000000000100
10000000000001
10000000010010
10000000111001
10000001111000
10000011010011
10000101001010
10000111011111
10001010010100
10001101101010
10010001100001
10010101111010
10011010110100
10100000010000
10100110001011
10101100100110
10110011011111
10111010110011
11000010100001
11001010100110
11010011000000
11011011101011
11100100100011
11101101100111
11110110110010
00000000000000
00001001001110
00010010011001
00011011011101
00100100010101
00101101000000
00110101011010
00111101011111
01000101001101
01001100100001
01010011011010
01011001110101
01011111110000
01100101001100
01101010000110
01101110011111
01110010010110
01110101101100
01111000100001
01111010110110
01111100101101
01111110001000
01111111000111
01111111101110
01111111111111
01111111111100
01111111101000
01111111000101
01111110010111
01111101011111
01111100100010
01111011100001
01111010100000
01111001100000
01111000100100
01110111101101
01110110111110
01110110011000
01110101111100
01110101101011
01110101100101
01110101101011
01110101111100
01110110011000
01110110111110
01110111101101
01111000100100
01111001100000
01111010100000
01111011100001
01111100100010
01111101011111
01111110010111
01111111000101
01111111101000
01111111111100
01111111111111
01111111101110
01111111000111
01111110001000
01111100101101
01111010110110
01111000100001
01110101101100
01110010010110
01101110011111
01101010000110
01100101001100
01011111110000
01011001110101
01010011011010
01001100100001
01000101001101
00111101011111
00110101011010
00101101000000
00100100010101
00011011011101
00010010011001
00001001001110
00000000000000
11110110110010
11101101100111
11100100100011
11011011101011
11010011000000
11001010100110
11000010100001
10111010110011
10110011011111
10101100100110
10100110001011
10100000010000
10011010110100
10010101111010
10010001100001
10001101101010
10001010010100
10000111011111
10000101001010
10000011010011
10000001111000
10000000111001
10000000010010
10000000000001
10000000000100
10000000011000
10000000111011
10000001101001
10000010100001
10000011011110
10000100011111
10000101100000
10000110100000
10000111011100
10001000010011
10001001000010
10001001101000
10001010000100
10001010010101
10001010011011
10001010010101
10001010000100
10001001101000
10001001000010
10001000010011
10000111011100
10000110100000
10000101100000
10000100011111
10000011011110
10000010100001
10000001101001
10000000111011
10000000011000
10000000000100
10000000000001
10000000010010
10000000111001
10000001111000
10000011010011
10000101001010
10000111011111
10001010010100
10001101101010
10010001100001
10010101111010
10011010110100
10100000010000
10100110001011
10101100100110
10110011011111
10111010110011
11000010100001
11001010100110
11010011000000
11011011101011
11100100100011
11101101100111
11110110110010
00000000000000
00001001001110
00010010011001
00011011011101
00100100010101
00101101000000
00110101011010
00111101011111
01000101001101
01001100100001
01010011011010
01011001110101
01011111110000
01100101001100
01101010000110
01101110011111
01110010010110
01110101101100
01111000100001
01111010110110
01111100101101
01111110001000
01111111000111
01111111101110
01111111111111
01111111111100
01111111101000
01111111000101
01111110010111
01111101011111
01111100100010
01111011100001
01111010100000
01111001100000
01111000100100
01110111101101
01110110111110
01110110011000
01110101111100
01110101101011
01110101100101
01110101101011
01110101111100
01110110011000
01110110111110
01110111101101
01111000100100
01111001100000
01111010100000
01111011100001
01111100100010
01111101011111
01111110010111
01111111000101
01111111101000
01111111111100
01111111111111
01111111101110
01111111000111
01111110001000
01111100101101
01111010110110
01111000100001
01110101101100
01110010010110
01101110011111
01101010000110
01100101001100
01011111110000
01011001110101
01010011011010
01001100100001
01000101001101
00111101011111
00110101011010
00101101000000
00100100010101
00011011011101
00010010011001
00001001001110
00000000000000
11110110110010
11101101100111
11100100100011
11011011101011
11010011000000
11001010100110
11000010100001
10111010110011
10110011011111
10101100100110
10100110001011
10100000010000
10011010110100
10010101111010
10010001100001
10001101101010
10001010010100
10000111011111
10000101001010
10000011010011
10000001111000
10000000111001
10000000010010
10000000000001
10000000000100
10000000011000
10000000111011
10000001101001
10000010100001
10000011011110
10000100011111
10000101100000
10000110100000
10000111011100
10001000010011
10001001000010
10001001101000
10001010000100
10001010010101
10001010011011
10001010010101
10001010000100
10001001101000
10001001000010
10001000010011
10000111011100
10000110100000
10000101100000
10000100011111
10000011011110
10000010100001
10000001101001
10000000111011
10000000011000
10000000000100
10000000000001
10000000010010
10000000111001
10000001111000
10000011010011
10000101001010
10000111011111
10001010010100
10001101101010
10010001100001
10010101111010
10011010110100
10100000010000
10100110001011
10101100100110
10110011011111
10111010110011
11000010100001
11001010100110
11010011000000
11011011101011
11100100100011
11101101100111
11110110110010
00000000000000
00001001001110
00010010011001
00011011011101
00100100010101
00101101000000
00110101011010
00111101011111
01000101001101
01001100100001
01010011011010
01011001110101
01011111110000
01100101001100
01101010000110
01101110011111
01110010010110
01110101101100
01111000100001
01111010110110
01111100101101
01111110001000
01111111000111
01111111101110
01111111111111
01111111111100
01111111101000
01111111000101
01111110010111
01111101011111
01111100100010
01111011100001
01111010100000
01111001100000
01111000100100
01110111101101
01110110111110
01110110011000
01110101111100
01110101101011
01110101100101
01110101101011
01110101111100
01110110011000
01110110111110
01110111101101
01111000100100
01111001100000
01111010100000
01111011100001
01111100100010
01111101011111
01111110010111
01111111000101
01111111101000
01111111111100
01111111111111
01111111101110
01111111000111
01111110001000
01111100101101
01111010110110
01111000100001
01110101101100
01110010010110
01101110011111
01101010000110
01100101001100
01011111110000
01011001110101
01010011011010
01001100100001
01000101001101
00111101011111
00110101011010
00101101000000
00100100010101
00011011011101
00010010011001
00001001001110
00000000000000
11110110110010
11101101100111
11100100100011
11011011101011
11010011000000
11001010100110
11000010100001
10111010110011
10110011011111
10101100100110
10100110001011
10100000010000
10011010110100
10010101111010
10010001100001
10001101101010
10001010010100
10000111011111
10000101001010
10000011010011
10000001111000
10000000111001
10000000010010
10000000000001
10000000000100
10000000011000
10000000111011
10000001101001
10000010100001
10000011011110
10000100011111
10000101100000
10000110100000
10000111011100
10001000010011
10001001000010
10001001101000
10001010000100
10001010010101
10001010011011
10001010010101
10001010000100
10001001101000
10001001000010
10001000010011
10000111011100
10000110100000
10000101100000
10000100011111
10000011011110
10000010100001
10000001101001
10000000111011
10000000011000
10000000000100
10000000000001
10000000010010
10000000111001
10000001111000
10000011010011
10000101001010
10000111011111
10001010010100
10001101101010
10010001100001
10010101111010
10011010110100
10100000010000
10100110001011
10101100100110
10110011011111
10111010110011
11000010100001
11001010100110
11010011000000
11011011101011
11100100100011
11101101100111
11110110110010
00000000000000
00001001001110
00010010011001
00011011011101
00100100010101
00101101000000
00110101011010
00111101011111
01000101001101
01001100100001
01010011011010
01011001110101
01011111110000
01100101001100
01101010000110
01101110011111
01110010010110
01110101101100
01111000100001
01111010110110
01111100101101
01111110001000
01111111000111
01111111101110
01111111111111
01111111111100
01111111101000
01111111000101
01111110010111
01111101011111
01111100100010
01111011100001
01111010100000
01111001100000
01111000100100
01110111101101
01110110111110
01110110011000
01110101111100
01110101101011
01110101100101
01110101101011
01110101111100
01110110011000
01110110111110
01110111101101
01111000100100
01111001100000
01111010100000
01111011100001
01111100100010
01111101011111
01111110010111
01111111000101
01111111101000
01111111111100
01111111111111
01111111101110
01111111000111
01111110001000
01111100101101
01111010110110
01111000100001
01110101101100
01110010010110
01101110011111
01101010000110
01100101001100
01011111110000
01011001110101
01010011011010
01001100100001
01000101001101
00111101011111
00110101011010
00101101000000
00100100010101
00011011011101
00010010011001
00001001001110
00000000000000
11110110110010
11101101100111
11100100100011
11011011101011
11010011000000
11001010100110
11000010100001
10111010110011
10110011011111
10101100100110
10100110001011
10100000010000
10011010110100
10010101111010
10010001100001
10001101101010
10001010010100
10000111011111
10000101001010
10000011010011
10000001111000
10000000111001
10000000010010
10000000000001
10000000000100
10000000011000
10000000111011
10000001101001
10000010100001
10000011011110
10000100011111
10000101100000
10000110100000
10000111011100
10001000010011
10001001000010
10001001101000
10001010000100
10001010010101
10001010011011
10001010010101
10001010000100
10001001101000
10001001000010
10001000010011
10000111011100
10000110100000
10000101100000
10000100011111
10000011011110
10000010100001
10000001101001
10000000111011
10000000011000
10000000000100
10000000000001
10000000010010
10000000111001
10000001111000
10000011010011
10000101001010
10000111011111
10001010010100
10001101101010
10010001100001
10010101111010
10011010110100
10100000010000
10100110001011
10101100100110
10110011011111
10111010110011
11000010100001
11001010100110
11010011000000
11011011101011
11100100100011
11101101100111
11110110110010
00000000000000
00001001001110
00010010011001
00011011011101
00100100010101
00101101000000
00110101011010
00111101011111
01000101001101
01001100100001
01010011011010
01011001110101
01011111110000
01100101001100
01101010000110
01101110011111
01110010010110
01110101101100
01111000100001
01111010110110
01111100101101
01111110001000
01111111000111
01111111101110
01111111111111
01111111111100
01111111101000
01111111000101
01111110010111
01111101011111
01111100100010
01111011100001
01111010100000
01111001100000
01111000100100
01110111101101
01110110111110
01110110011000
01110101111100
01110101101011
01110101100101
01110101101011
01110101111100
01110110011000
01110110111110
01110111101101
01111000100100
01111001100000
01111010100000
01111011100001
01111100100010
01111101011111
01111110010111
01111111000101
01111111101000
01111111111100
01111111111111
01111111101110
01111111000111
01111110001000
01111100101101
01111010110110
01111000100001
01110101101100
01110010010110
01101110011111
01101010000110
01100101001100
01011111110000
01011001110101
01010011011010
01001100100001
01000101001101
00111101011111
00110101011010
00101101000000
00100100010101
00011011011101
00010010011001
00001001001110
00000000000000
11110110110010
11101101100111
11100100100011
11011011101011
11010011000000
11001010100110
11000010100001
10111010110011
10110011011111
10101100100110
10100110001011
10100000010000
10011010110100
10010101111010
10010001100001
10001101101010
10001010010100
10000111011111
10000101001010
10000011010011
10000001111000
10000000111001
10000000010010
10000000000001
10000000000100
10000000011000
10000000111011
10000001101001
10000010100001
10000011011110
10000100011111
10000101100000
10000110100000
10000111011100
10001000010011
10001001000010
10001001101000
10001010000100
10001010010101
10001010011011
10001010010101
10001010000100
10001001101000
10001001000010
10001000010011
10000111011100
10000110100000
10000101100000
10000100011111
10000011011110
10000010100001
10000001101001
10000000111011
10000000011000
10000000000100
10000000000001
10000000010010
10000000111001
10000001111000
10000011010011
10000101001010
10000111011111
10001010010100
10001101101010
10010001100001
10010101111010
10011010110100
10100000010000
10100110001011
10101100100110
10110011011111
10111010110011
11000010100001
11001010100110
11010011000000
11011011101011
11100100100011
11101101100111
11110110110010
00000000000000
00001001001110
00010010011001
00011011011101
00100100010101
00101101000000
00110101011010
00111101011111
01000101001101
01001100100001
01010011011010
01011001110101
01011111110000
01100101001100
01101010000110
01101110011111
01110010010110
01110101101100
01111000100001
01111010110110
01111100101101
01111110001000
01111111000111
01111111101110
01111111111111
01111111111100
01111111101000
01111111000101
01111110010111
01111101011111
01111100100010
01111011100001
01111010100000
01111001100000
01111000100100
01110111101101
01110110111110
01110110011000
01110101111100
01110101101011
01110101100101
01110101101011
01110101111100
01110110011000
01110110111110
01110111101101
01111000100100
01111001100000
01111010100000
01111011100001
01111100100010
01111101011111
01111110010111
01111111000101
01111111101000
01111111111100
01111111111111
01111111101110
01111111000111
01111110001000
01111100101101
01111010110110
01111000100001
01110101101100
01110010010110
01101110011111
01101010000110
01100101001100
01011111110000
01011001110101
01010011011010
01001100100001
01000101001101
00111101011111
00110101011010
00101101000000
00100100010101
00011011011101
00010010011001
00001001001110
00000000000000
11110110110010
11101101100111
11100100100011
11011011101011
11010011000000
11001010100110
11000010100001
10111010110011
10110011011111
10101100100110
10100110001011
10100000010000
10011010110100
10010101111010
10010001100001
10001101101010
10001010010100
10000111011111
10000101001010
10000011010011
10000001111000
10000000111001
10000000010010
10000000000001
10000000000100
10000000011000
10000000111011
10000001101001
10000010100001
10000011011110
10000100011111
10000101100000
10000110100000
10000111011100
10001000010011
10001001000010
10001001101000
10001010000100
10001010010101
10001010011011
10001010010101
10001010000100
10001001101000
10001001000010
10001000010011
10000111011100
10000110100000
10000101100000
10000100011111
10000011011110
10000010100001
10000001101001
10000000111011
10000000011000
10000000000100
10000000000001
10000000010010
10000000111001
10000001111000
10000011010011
10000101001010
10000111011111
10001010010100
10001101101010
10010001100001
10010101111010
10011010110100
10100000010000
10100110001011
10101100100110
10110011011111
10111010110011
11000010100001
11001010100110
11010011000000
11011011101011
11100100100011
11101101100111
11110110110010
