01111111111111
01111111110000
01111111000100
01111101111011
01111100010110
01111010010110
01110111111011
01110101001000
01110001111110
01101110011111
01101010101101
01100110101001
01100010010111
01011101111001
01011001010001
01010100100001
01001111101100
01001010110101
01000101111101
01000001000111
00111100010101
00110111101001
00110011000101
00101110101010
00101010011010
00100110010101
00100010011110
00011110110011
00011011010111
00011000001000
00010101000111
00010010010011
00001111101101
00001101010010
00001011000011
00001000111101
00000111000000
00000101001010
00000011011001
00000001101100
00000000000000
11111110010100
11111100100111
11111010110110
11111001000000
11110111000011
11110100111101
11110010101110
11110000010011
11101101101101
11101010111001
11100111111000
11100100101001
11100001001101
11011101100010
11011001101011
11010101100110
11010001010110
11001100111011
11001000010111
11000011101011
10111110111001
10111010000011
10110101001011
10110000010100
10101011011111
10100110101111
10100010000111
10011101101001
10011001010111
10010101010011
10010001100001
10001110000010
10001010111000
10001000000101
10000101101010
10000011101010
10000010000101
10000000111100
10000000010000
10000000000001
10000000010000
10000000111100
10000010000101
10000011101010
10000101101010
10001000000101
10001010111000
10001110000010
10010001100001
10010101010011
10011001010111
10011101101001
10100010000111
10100110101111
10101011011111
10110000010100
10110101001011
10111010000011
10111110111001
11000011101011
11001000010111
11001100111011
11010001010110
11010101100110
11011001101011
11011101100010
11100001001101
11100100101001
11100111111000
11101010111001
11101101101101
11110000010011
11110010101110
11110100111101
11110111000011
11111001000000
11111010110110
11111100100111
11111110010100
00000000000000
00000001101100
00000011011001
00000101001010
00000111000000
00001000111101
00001011000011
00001101010010
00001111101101
00010010010011
00010101000111
00011000001000
00011011010111
00011110110011
00100010011110
00100110010101
00101010011010
00101110101010
00110011000101
00110111101001
00111100010101
01000001000111
01000101111101
01001010110101
01001111101100
01010100100001
01011001010001
01011101111001
01100010010111
01100110101001
01101010101101
01101110011111
01110001111110
01110101001000
01110111111011
01111010010110
01111100010110
01111101111011
01111111000100
01111111110000
01111111111111
01111111110000
01111111000100
01111101111011
01111100010110
01111010010110
01110111111011
01110101001000
01110001111110
01101110011111
01101010101101
01100110101001
01100010010111
01011101111001
01011001010001
01010100100001
01001111101100
01001010110101
01000101111101
01000001000111
00111100010101
00110111101001
00110011000101
00101110101010
00101010011010
00100110010101
00100010011110
00011110110011
00011011010111
00011000001000
00010101000111
00010010010011
00001111101101
00001101010010
00001011000011
00001000111101
00000111000000
00000101001010
00000011011001
00000001101100
00000000000000
11111110010100
11111100100111
11111010110110
11111001000000
11110111000011
11110100111101
11110010101110
11110000010011
11101101101101
11101010111001
11100111111000
11100100101001
11100001001101
11011101100010
11011001101011
11010101100110
11010001010110
11001100111011
11001000010111
11000011101011
10111110111001
10111010000011
10110101001011
10110000010100
10101011011111
10100110101111
10100010000111
10011101101001
10011001010111
10010101010011
10010001100001
10001110000010
10001010111000
10001000000101
10000101101010
10000011101010
10000010000101
10000000111100
10000000010000
10000000000001
10000000010000
10000000111100
10000010000101
10000011101010
10000101101010
10001000000101
10001010111000
10001110000010
10010001100001
10010101010011
10011001010111
10011101101001
10100010000111
10100110101111
10101011011111
10110000010100
10110101001011
10111010000011
10111110111001
11000011101011
11001000010111
11001100111011
11010001010110
11010101100110
11011001101011
11011101100010
11100001001101
11100100101001
11100111111000
11101010111001
11101101101101
11110000010011
11110010101110
11110100111101
11110111000011
11111001000000
11111010110110
11111100100111
11111110010100
00000000000000
00000001101100
00000011011001
00000101001010
00000111000000
00001000111101
00001011000011
00001101010010
00001111101101
00010010010011
00010101000111
00011000001000
00011011010111
00011110110011
00100010011110
00100110010101
00101010011010
00101110101010
00110011000101
00110111101001
00111100010101
01000001000111
01000101111101
01001010110101
01001111101100
01010100100001
01011001010001
01011101111001
01100010010111
01100110101001
01101010101101
01101110011111
01110001111110
01110101001000
01110111111011
01111010010110
01111100010110
01111101111011
01111111000100
01111111110000
01111111111111
01111111110000
01111111000100
01111101111011
01111100010110
01111010010110
01110111111011
01110101001000
01110001111110
01101110011111
01101010101101
01100110101001
01100010010111
01011101111001
01011001010001
01010100100001
01001111101100
01001010110101
01000101111101
01000001000111
00111100010101
00110111101001
00110011000101
00101110101010
00101010011010
00100110010101
00100010011110
00011110110011
00011011010111
00011000001000
00010101000111
00010010010011
00001111101101
00001101010010
00001011000011
00001000111101
00000111000000
00000101001010
00000011011001
00000001101100
00000000000000
11111110010100
11111100100111
11111010110110
11111001000000
11110111000011
11110100111101
11110010101110
11110000010011
11101101101101
11101010111001
11100111111000
11100100101001
11100001001101
11011101100010
11011001101011
11010101100110
11010001010110
11001100111011
11001000010111
11000011101011
10111110111001
10111010000011
10110101001011
10110000010100
10101011011111
10100110101111
10100010000111
10011101101001
10011001010111
10010101010011
10010001100001
10001110000010
10001010111000
10001000000101
10000101101010
10000011101010
10000010000101
10000000111100
10000000010000
10000000000001
10000000010000
10000000111100
10000010000101
10000011101010
10000101101010
10001000000101
10001010111000
10001110000010
10010001100001
10010101010011
10011001010111
10011101101001
10100010000111
10100110101111
10101011011111
10110000010100
10110101001011
10111010000011
10111110111001
11000011101011
11001000010111
11001100111011
11010001010110
11010101100110
11011001101011
11011101100010
11100001001101
11100100101001
11100111111000
11101010111001
11101101101101
11110000010011
11110010101110
11110100111101
11110111000011
11111001000000
11111010110110
11111100100111
11111110010100
00000000000000
00000001101100
00000011011001
00000101001010
00000111000000
00001000111101
00001011000011
00001101010010
00001111101101
00010010010011
00010101000111
00011000001000
00011011010111
00011110110011
00100010011110
00100110010101
00101010011010
00101110101010
00110011000101
00110111101001
00111100010101
01000001000111
01000101111101
01001010110101
01001111101100
01010100100001
01011001010001
01011101111001
01100010010111
01100110101001
01101010101101
01101110011111
01110001111110
01110101001000
01110111111011
01111010010110
01111100010110
01111101111011
01111111000100
01111111110000
01111111111111
01111111110000
01111111000100
01111101111011
01111100010110
01111010010110
01110111111011
01110101001000
01110001111110
01101110011111
01101010101101
01100110101001
01100010010111
01011101111001
01011001010001
01010100100001
01001111101100
01001010110101
01000101111101
01000001000111
00111100010101
00110111101001
00110011000101
00101110101010
00101010011010
00100110010101
00100010011110
00011110110011
00011011010111
00011000001000
00010101000111
00010010010011
00001111101101
00001101010010
00001011000011
00001000111101
00000111000000
00000101001010
00000011011001
00000001101100
00000000000000
11111110010100
11111100100111
11111010110110
11111001000000
11110111000011
11110100111101
11110010101110
11110000010011
11101101101101
11101010111001
11100111111000
11100100101001
11100001001101
11011101100010
11011001101011
11010101100110
11010001010110
11001100111011
11001000010111
11000011101011
10111110111001
10111010000011
10110101001011
10110000010100
10101011011111
10100110101111
10100010000111
10011101101001
10011001010111
10010101010011
10010001100001
10001110000010
10001010111000
10001000000101
10000101101010
10000011101010
10000010000101
10000000111100
10000000010000
10000000000001
10000000010000
10000000111100
10000010000101
10000011101010
10000101101010
10001000000101
10001010111000
10001110000010
10010001100001
10010101010011
10011001010111
10011101101001
10100010000111
10100110101111
10101011011111
10110000010100
10110101001011
10111010000011
10111110111001
11000011101011
11001000010111
11001100111011
11010001010110
11010101100110
11011001101011
11011101100010
11100001001101
11100100101001
11100111111000
11101010111001
11101101101101
11110000010011
11110010101110
11110100111101
11110111000011
11111001000000
11111010110110
11111100100111
11111110010100
00000000000000
00000001101100
00000011011001
00000101001010
00000111000000
00001000111101
00001011000011
00001101010010
00001111101101
00010010010011
00010101000111
00011000001000
00011011010111
00011110110011
00100010011110
00100110010101
00101010011010
00101110101010
00110011000101
00110111101001
00111100010101
01000001000111
01000101111101
01001010110101
01001111101100
01010100100001
01011001010001
01011101111001
01100010010111
01100110101001
01101010101101
01101110011111
01110001111110
01110101001000
01110111111011
01111010010110
01111100010110
01111101111011
01111111000100
01111111110000
01111111111111
01111111110000
01111111000100
01111101111011
01111100010110
01111010010110
01110111111011
01110101001000
01110001111110
01101110011111
01101010101101
01100110101001
01100010010111
01011101111001
01011001010001
01010100100001
01001111101100
01001010110101
01000101111101
01000001000111
00111100010101
00110111101001
00110011000101
00101110101010
00101010011010
00100110010101
00100010011110
00011110110011
00011011010111
00011000001000
00010101000111
00010010010011
00001111101101
00001101010010
00001011000011
00001000111101
00000111000000
00000101001010
00000011011001
00000001101100
00000000000000
11111110010100
11111100100111
11111010110110
11111001000000
11110111000011
11110100111101
11110010101110
11110000010011
11101101101101
11101010111001
11100111111000
11100100101001
11100001001101
11011101100010
11011001101011
11010101100110
11010001010110
11001100111011
11001000010111
11000011101011
10111110111001
10111010000011
10110101001011
10110000010100
10101011011111
10100110101111
10100010000111
10011101101001
10011001010111
10010101010011
10010001100001
10001110000010
10001010111000
10001000000101
10000101101010
10000011101010
10000010000101
10000000111100
10000000010000
10000000000001
10000000010000
10000000111100
10000010000101
10000011101010
10000101101010
10001000000101
10001010111000
10001110000010
10010001100001
10010101010011
10011001010111
10011101101001
10100010000111
10100110101111
10101011011111
10110000010100
10110101001011
10111010000011
10111110111001
11000011101011
11001000010111
11001100111011
11010001010110
11010101100110
11011001101011
11011101100010
11100001001101
11100100101001
11100111111000
11101010111001
11101101101101
11110000010011
11110010101110
11110100111101
11110111000011
11111001000000
11111010110110
11111100100111
11111110010100
00000000000000
00000001101100
00000011011001
00000101001010
00000111000000
00001000111101
00001011000011
00001101010010
00001111101101
00010010010011
00010101000111
00011000001000
00011011010111
00011110110011
00100010011110
00100110010101
00101010011010
00101110101010
00110011000101
00110111101001
00111100010101
01000001000111
01000101111101
01001010110101
01001111101100
01010100100001
01011001010001
01011101111001
01100010010111
01100110101001
01101010101101
01101110011111
01110001111110
01110101001000
01110111111011
01111010010110
01111100010110
01111101111011
01111111000100
01111111110000
01111111111111
01111111110000
01111111000100
01111101111011
01111100010110
01111010010110
01110111111011
01110101001000
01110001111110
01101110011111
01101010101101
01100110101001
01100010010111
01011101111001
01011001010001
01010100100001
01001111101100
01001010110101
01000101111101
01000001000111
00111100010101
00110111101001
00110011000101
00101110101010
00101010011010
00100110010101
00100010011110
00011110110011
00011011010111
00011000001000
00010101000111
00010010010011
00001111101101
00001101010010
00001011000011
00001000111101
00000111000000
00000101001010
00000011011001
00000001101100
00000000000000
11111110010100
11111100100111
11111010110110
11111001000000
11110111000011
11110100111101
11110010101110
11110000010011
11101101101101
11101010111001
11100111111000
11100100101001
11100001001101
11011101100010
11011001101011
11010101100110
11010001010110
11001100111011
11001000010111
11000011101011
10111110111001
10111010000011
10110101001011
10110000010100
10101011011111
10100110101111
10100010000111
10011101101001
10011001010111
10010101010011
10010001100001
10001110000010
10001010111000
10001000000101
10000101101010
10000011101010
10000010000101
10000000111100
10000000010000
10000000000001
10000000010000
10000000111100
10000010000101
10000011101010
10000101101010
10001000000101
10001010111000
10001110000010
10010001100001
10010101010011
10011001010111
10011101101001
10100010000111
10100110101111
10101011011111
10110000010100
10110101001011
10111010000011
10111110111001
11000011101011
11001000010111
11001100111011
11010001010110
11010101100110
11011001101011
11011101100010
11100001001101
11100100101001
11100111111000
11101010111001
11101101101101
11110000010011
11110010101110
11110100111101
11110111000011
11111001000000
11111010110110
11111100100111
11111110010100
00000000000000
00000001101100
00000011011001
00000101001010
00000111000000
00001000111101
00001011000011
00001101010010
00001111101101
00010010010011
00010101000111
00011000001000
00011011010111
00011110110011
00100010011110
00100110010101
00101010011010
00101110101010
00110011000101
00110111101001
00111100010101
01000001000111
01000101111101
01001010110101
01001111101100
01010100100001
01011001010001
01011101111001
01100010010111
01100110101001
01101010101101
01101110011111
01110001111110
01110101001000
01110111111011
01111010010110
01111100010110
01111101111011
01111111000100
01111111110000
01111111111111
01111111110000
01111111000100
01111101111011
01111100010110
01111010010110
01110111111011
01110101001000
01110001111110
01101110011111
01101010101101
01100110101001
01100010010111
01011101111001
01011001010001
01010100100001
01001111101100
01001010110101
01000101111101
01000001000111
00111100010101
00110111101001
00110011000101
00101110101010
00101010011010
00100110010101
00100010011110
00011110110011
00011011010111
00011000001000
00010101000111
00010010010011
00001111101101
00001101010010
00001011000011
00001000111101
00000111000000
00000101001010
00000011011001
00000001101100
00000000000000
11111110010100
11111100100111
11111010110110
11111001000000
11110111000011
11110100111101
11110010101110
11110000010011
11101101101101
11101010111001
11100111111000
11100100101001
11100001001101
11011101100010
11011001101011
11010101100110
11010001010110
11001100111011
11001000010111
11000011101011
10111110111001
10111010000011
10110101001011
10110000010100
10101011011111
10100110101111
10100010000111
10011101101001
10011001010111
10010101010011
10010001100001
10001110000010
10001010111000
10001000000101
10000101101010
10000011101010
10000010000101
10000000111100
10000000010000
10000000000001
10000000010000
10000000111100
10000010000101
10000011101010
10000101101010
10001000000101
10001010111000
10001110000010
10010001100001
10010101010011
10011001010111
10011101101001
10100010000111
10100110101111
10101011011111
10110000010100
10110101001011
10111010000011
10111110111001
11000011101011
11001000010111
11001100111011
11010001010110
11010101100110
11011001101011
11011101100010
11100001001101
11100100101001
11100111111000
11101010111001
11101101101101
11110000010011
11110010101110
11110100111101
11110111000011
11111001000000
11111010110110
11111100100111
11111110010100
00000000000000
00000001101100
00000011011001
00000101001010
00000111000000
00001000111101
00001011000011
00001101010010
00001111101101
00010010010011
00010101000111
00011000001000
00011011010111
00011110110011
00100010011110
00100110010101
00101010011010
00101110101010
00110011000101
00110111101001
00111100010101
01000001000111
01000101111101
01001010110101
01001111101100
01010100100001
01011001010001
01011101111001
01100010010111
01100110101001
01101010101101
01101110011111
01110001111110
01110101001000
01110111111011
01111010010110
01111100010110
01111101111011
01111111000100
01111111110000
01111111111111
01111111110000
01111111000100
01111101111011
01111100010110
01111010010110
01110111111011
01110101001000
01110001111110
01101110011111
01101010101101
01100110101001
01100010010111
01011101111001
01011001010001
01010100100001
01001111101100
01001010110101
01000101111101
01000001000111
00111100010101
00110111101001
00110011000101
00101110101010
00101010011010
00100110010101
00100010011110
00011110110011
00011011010111
00011000001000
00010101000111
00010010010011
00001111101101
00001101010010
00001011000011
00001000111101
00000111000000
00000101001010
00000011011001
00000001101100
00000000000000
11111110010100
11111100100111
11111010110110
11111001000000
11110111000011
11110100111101
11110010101110
11110000010011
11101101101101
11101010111001
11100111111000
11100100101001
11100001001101
11011101100010
11011001101011
11010101100110
11010001010110
11001100111011
11001000010111
11000011101011
10111110111001
10111010000011
10110101001011
10110000010100
10101011011111
10100110101111
10100010000111
10011101101001
10011001010111
10010101010011
10010001100001
10001110000010
10001010111000
10001000000101
10000101101010
10000011101010
10000010000101
10000000111100
10000000010000
10000000000001
10000000010000
10000000111100
10000010000101
10000011101010
10000101101010
10001000000101
10001010111000
10001110000010
10010001100001
10010101010011
10011001010111
10011101101001
10100010000111
10100110101111
10101011011111
10110000010100
10110101001011
10111010000011
10111110111001
11000011101011
11001000010111
11001100111011
11010001010110
11010101100110
11011001101011
11011101100010
11100001001101
11100100101001
11100111111000
11101010111001
11101101101101
11110000010011
11110010101110
11110100111101
11110111000011
11111001000000
11111010110110
11111100100111
11111110010100
00000000000000
00000001101100
00000011011001
00000101001010
00000111000000
00001000111101
00001011000011
00001101010010
00001111101101
00010010010011
00010101000111
00011000001000
00011011010111
00011110110011
00100010011110
00100110010101
00101010011010
00101110101010
00110011000101
00110111101001
00111100010101
01000001000111
01000101111101
01001010110101
01001111101100
01010100100001
01011001010001
01011101111001
01100010010111
01100110101001
01101010101101
01101110011111
01110001111110
01110101001000
01110111111011
01111010010110
01111100010110
01111101111011
01111111000100
01111111110000
01111111111111
01111111110000
01111111000100
01111101111011
01111100010110
01111010010110
01110111111011
01110101001000
01110001111110
01101110011111
01101010101101
01100110101001
01100010010111
01011101111001
01011001010001
01010100100001
01001111101100
01001010110101
01000101111101
01000001000111
00111100010101
00110111101001
00110011000101
00101110101010
00101010011010
00100110010101
00100010011110
00011110110011
00011011010111
00011000001000
00010101000111
00010010010011
00001111101101
00001101010010
00001011000011
00001000111101
00000111000000
00000101001010
00000011011001
00000001101100
00000000000000
11111110010100
11111100100111
11111010110110
11111001000000
11110111000011
11110100111101
11110010101110
11110000010011
11101101101101
11101010111001
11100111111000
11100100101001
11100001001101
11011101100010
11011001101011
11010101100110
11010001010110
11001100111011
11001000010111
11000011101011
10111110111001
10111010000011
10110101001011
10110000010100
10101011011111
10100110101111
10100010000111
10011101101001
10011001010111
10010101010011
10010001100001
10001110000010
10001010111000
10001000000101
10000101101010
10000011101010
10000010000101
10000000111100
10000000010000
10000000000001
10000000010000
10000000111100
10000010000101
10000011101010
10000101101010
10001000000101
10001010111000
10001110000010
10010001100001
10010101010011
10011001010111
10011101101001
10100010000111
10100110101111
10101011011111
10110000010100
10110101001011
10111010000011
10111110111001
11000011101011
11001000010111
11001100111011
11010001010110
11010101100110
11011001101011
11011101100010
11100001001101
11100100101001
11100111111000
11101010111001
11101101101101
11110000010011
11110010101110
11110100111101
11110111000011
11111001000000
11111010110110
11111100100111
11111110010100
00000000000000
00000001101100
00000011011001
00000101001010
00000111000000
00001000111101
00001011000011
00001101010010
00001111101101
00010010010011
00010101000111
00011000001000
00011011010111
00011110110011
00100010011110
00100110010101
00101010011010
00101110101010
00110011000101
00110111101001
00111100010101
01000001000111
01000101111101
01001010110101
01001111101100
01010100100001
01011001010001
01011101111001
01100010010111
01100110101001
01101010101101
01101110011111
01110001111110
01110101001000
01110111111011
01111010010110
01111100010110
01111101111011
01111111000100
01111111110000
01111111111111
01111111110000
01111111000100
01111101111011
01111100010110
01111010010110
01110111111011
01110101001000
01110001111110
01101110011111
01101010101101
01100110101001
01100010010111
01011101111001
01011001010001
01010100100001
01001111101100
01001010110101
01000101111101
01000001000111
00111100010101
00110111101001
00110011000101
00101110101010
00101010011010
00100110010101
00100010011110
00011110110011
00011011010111
00011000001000
00010101000111
00010010010011
00001111101101
00001101010010
00001011000011
00001000111101
00000111000000
00000101001010
00000011011001
00000001101100
00000000000000
11111110010100
11111100100111
11111010110110
11111001000000
11110111000011
11110100111101
11110010101110
11110000010011
11101101101101
11101010111001
11100111111000
11100100101001
11100001001101
11011101100010
11011001101011
11010101100110
11010001010110
11001100111011
11001000010111
11000011101011
10111110111001
10111010000011
10110101001011
10110000010100
10101011011111
10100110101111
10100010000111
10011101101001
10011001010111
10010101010011
10010001100001
10001110000010
10001010111000
10001000000101
10000101101010
10000011101010
10000010000101
10000000111100
10000000010000
10000000000001
10000000010000
10000000111100
10000010000101
10000011101010
10000101101010
10001000000101
10001010111000
10001110000010
10010001100001
10010101010011
10011001010111
10011101101001
10100010000111
10100110101111
10101011011111
10110000010100
10110101001011
10111010000011
10111110111001
11000011101011
11001000010111
11001100111011
11010001010110
11010101100110
11011001101011
11011101100010
11100001001101
11100100101001
11100111111000
11101010111001
11101101101101
11110000010011
11110010101110
11110100111101
11110111000011
11111001000000
11111010110110
11111100100111
11111110010100
00000000000000
00000001101100
00000011011001
00000101001010
00000111000000
00001000111101
00001011000011
00001101010010
00001111101101
00010010010011
00010101000111
00011000001000
00011011010111
00011110110011
00100010011110
00100110010101
00101010011010
00101110101010
00110011000101
00110111101001
00111100010101
01000001000111
01000101111101
01001010110101
01001111101100
01010100100001
01011001010001
01011101111001
01100010010111
01100110101001
01101010101101
01101110011111
01110001111110
01110101001000
01110111111011
01111010010110
01111100010110
01111101111011
01111111000100
01111111110000
01111111111111
01111111110000
01111111000100
01111101111011
01111100010110
01111010010110
01110111111011
01110101001000
01110001111110
01101110011111
01101010101101
01100110101001
01100010010111
01011101111001
01011001010001
01010100100001
01001111101100
01001010110101
01000101111101
01000001000111
00111100010101
00110111101001
00110011000101
00101110101010
00101010011010
00100110010101
00100010011110
00011110110011
00011011010111
00011000001000
00010101000111
00010010010011
00001111101101
00001101010010
00001011000011
00001000111101
00000111000000
00000101001010
00000011011001
00000001101100
00000000000000
11111110010100
11111100100111
11111010110110
11111001000000
11110111000011
11110100111101
11110010101110
11110000010011
11101101101101
11101010111001
11100111111000
11100100101001
11100001001101
11011101100010
11011001101011
11010101100110
11010001010110
11001100111011
11001000010111
11000011101011
10111110111001
10111010000011
10110101001011
10110000010100
10101011011111
10100110101111
10100010000111
10011101101001
10011001010111
10010101010011
10010001100001
10001110000010
10001010111000
10001000000101
10000101101010
10000011101010
10000010000101
10000000111100
10000000010000
10000000000001
10000000010000
10000000111100
10000010000101
10000011101010
10000101101010
10001000000101
10001010111000
10001110000010
10010001100001
10010101010011
10011001010111
10011101101001
10100010000111
10100110101111
10101011011111
10110000010100
10110101001011
10111010000011
10111110111001
11000011101011
11001000010111
11001100111011
11010001010110
11010101100110
11011001101011
11011101100010
11100001001101
11100100101001
11100111111000
11101010111001
11101101101101
11110000010011
11110010101110
11110100111101
11110111000011
11111001000000
11111010110110
11111100100111
11111110010100
00000000000000
00000001101100
00000011011001
00000101001010
00000111000000
00001000111101
00001011000011
00001101010010
00001111101101
00010010010011
00010101000111
00011000001000
00011011010111
00011110110011
00100010011110
00100110010101
00101010011010
00101110101010
00110011000101
00110111101001
00111100010101
01000001000111
01000101111101
01001010110101
01001111101100
01010100100001
01011001010001
01011101111001
01100010010111
01100110101001
01101010101101
01101110011111
01110001111110
01110101001000
01110111111011
01111010010110
01111100010110
01111101111011
01111111000100
01111111110000
01111111111111
01111111110000
01111111000100
01111101111011
01111100010110
01111010010110
01110111111011
01110101001000
01110001111110
01101110011111
01101010101101
01100110101001
01100010010111
01011101111001
01011001010001
01010100100001
01001111101100
01001010110101
01000101111101
01000001000111
00111100010101
00110111101001
00110011000101
00101110101010
00101010011010
00100110010101
00100010011110
00011110110011
00011011010111
00011000001000
00010101000111
00010010010011
00001111101101
00001101010010
00001011000011
00001000111101
00000111000000
00000101001010
00000011011001
00000001101100
00000000000000
11111110010100
11111100100111
11111010110110
11111001000000
11110111000011
11110100111101
11110010101110
11110000010011
11101101101101
11101010111001
11100111111000
11100100101001
11100001001101
11011101100010
11011001101011
11010101100110
11010001010110
11001100111011
11001000010111
11000011101011
10111110111001
10111010000011
10110101001011
10110000010100
10101011011111
10100110101111
10100010000111
10011101101001
10011001010111
10010101010011
10010001100001
10001110000010
10001010111000
10001000000101
10000101101010
10000011101010
10000010000101
10000000111100
10000000010000
10000000000001
10000000010000
10000000111100
10000010000101
10000011101010
10000101101010
10001000000101
10001010111000
10001110000010
10010001100001
10010101010011
10011001010111
10011101101001
10100010000111
10100110101111
10101011011111
10110000010100
10110101001011
10111010000011
10111110111001
11000011101011
11001000010111
11001100111011
11010001010110
11010101100110
11011001101011
11011101100010
11100001001101
11100100101001
11100111111000
11101010111001
11101101101101
11110000010011
11110010101110
11110100111101
11110111000011
11111001000000
11111010110110
11111100100111
11111110010100
00000000000000
00000001101100
00000011011001
00000101001010
00000111000000
00001000111101
00001011000011
00001101010010
00001111101101
00010010010011
00010101000111
00011000001000
00011011010111
00011110110011
00100010011110
00100110010101
00101010011010
00101110101010
00110011000101
00110111101001
00111100010101
01000001000111
01000101111101
01001010110101
01001111101100
01010100100001
01011001010001
01011101111001
01100010010111
01100110101001
01101010101101
01101110011111
01110001111110
01110101001000
01110111111011
01111010010110
01111100010110
01111101111011
01111111000100
01111111110000
01111111111111
01111111110000
01111111000100
01111101111011
01111100010110
01111010010110
01110111111011
01110101001000
01110001111110
01101110011111
01101010101101
01100110101001
01100010010111
01011101111001
01011001010001
01010100100001
01001111101100
01001010110101
01000101111101
01000001000111
00111100010101
00110111101001
00110011000101
00101110101010
00101010011010
00100110010101
00100010011110
00011110110011
00011011010111
00011000001000
00010101000111
00010010010011
00001111101101
00001101010010
00001011000011
00001000111101
00000111000000
00000101001010
00000011011001
00000001101100
00000000000000
11111110010100
11111100100111
11111010110110
11111001000000
11110111000011
11110100111101
11110010101110
11110000010011
11101101101101
11101010111001
11100111111000
11100100101001
11100001001101
11011101100010
11011001101011
11010101100110
11010001010110
11001100111011
11001000010111
11000011101011
10111110111001
10111010000011
10110101001011
10110000010100
10101011011111
10100110101111
10100010000111
10011101101001
10011001010111
10010101010011
10010001100001
10001110000010
10001010111000
10001000000101
10000101101010
10000011101010
10000010000101
10000000111100
10000000010000
10000000000001
10000000010000
10000000111100
10000010000101
10000011101010
10000101101010
10001000000101
10001010111000
10001110000010
10010001100001
10010101010011
10011001010111
10011101101001
10100010000111
10100110101111
10101011011111
10110000010100
10110101001011
10111010000011
10111110111001
11000011101011
11001000010111
11001100111011
11010001010110
11010101100110
11011001101011
11011101100010
11100001001101
11100100101001
11100111111000
11101010111001
11101101101101
11110000010011
11110010101110
11110100111101
11110111000011
11111001000000
11111010110110
11111100100111
11111110010100
00000000000000
00000001101100
00000011011001
00000101001010
00000111000000
00001000111101
00001011000011
00001101010010
00001111101101
00010010010011
00010101000111
00011000001000
00011011010111
00011110110011
00100010011110
00100110010101
00101010011010
00101110101010
00110011000101
00110111101001
00111100010101
01000001000111
01000101111101
01001010110101
01001111101100
01010100100001
01011001010001
01011101111001
01100010010111
01100110101001
01101010101101
01101110011111
01110001111110
01110101001000
01110111111011
01111010010110
01111100010110
01111101111011
01111111000100
01111111110000
01111111111111
01111111110000
01111111000100
01111101111011
01111100010110
01111010010110
01110111111011
01110101001000
01110001111110
01101110011111
01101010101101
01100110101001
01100010010111
01011101111001
01011001010001
01010100100001
01001111101100
01001010110101
01000101111101
01000001000111
00111100010101
00110111101001
00110011000101
00101110101010
00101010011010
00100110010101
00100010011110
00011110110011
00011011010111
00011000001000
00010101000111
00010010010011
00001111101101
00001101010010
00001011000011
00001000111101
00000111000000
00000101001010
00000011011001
00000001101100
00000000000000
11111110010100
11111100100111
11111010110110
11111001000000
11110111000011
11110100111101
11110010101110
11110000010011
11101101101101
11101010111001
11100111111000
11100100101001
11100001001101
11011101100010
11011001101011
11010101100110
11010001010110
11001100111011
11001000010111
11000011101011
10111110111001
10111010000011
10110101001011
10110000010100
10101011011111
10100110101111
10100010000111
10011101101001
10011001010111
10010101010011
10010001100001
10001110000010
10001010111000
10001000000101
10000101101010
10000011101010
10000010000101
10000000111100
10000000010000
10000000000001
10000000010000
10000000111100
10000010000101
10000011101010
10000101101010
10001000000101
10001010111000
10001110000010
10010001100001
10010101010011
10011001010111
10011101101001
10100010000111
10100110101111
10101011011111
10110000010100
10110101001011
10111010000011
10111110111001
11000011101011
11001000010111
11001100111011
11010001010110
11010101100110
11011001101011
11011101100010
11100001001101
11100100101001
11100111111000
11101010111001
11101101101101
11110000010011
11110010101110
11110100111101
11110111000011
11111001000000
11111010110110
11111100100111
11111110010100
00000000000000
00000001101100
00000011011001
00000101001010
00000111000000
00001000111101
00001011000011
00001101010010
00001111101101
00010010010011
00010101000111
00011000001000
00011011010111
00011110110011
00100010011110
00100110010101
00101010011010
00101110101010
00110011000101
00110111101001
00111100010101
01000001000111
01000101111101
01001010110101
01001111101100
01010100100001
01011001010001
01011101111001
01100010010111
01100110101001
01101010101101
01101110011111
01110001111110
01110101001000
01110111111011
01111010010110
01111100010110
01111101111011
01111111000100
01111111110000
01111111111111
01111111110000
01111111000100
01111101111011
01111100010110
01111010010110
01110111111011
01110101001000
01110001111110
01101110011111
01101010101101
01100110101001
01100010010111
01011101111001
01011001010001
01010100100001
01001111101100
01001010110101
01000101111101
01000001000111
00111100010101
00110111101001
00110011000101
00101110101010
00101010011010
00100110010101
00100010011110
00011110110011
00011011010111
00011000001000
00010101000111
00010010010011
00001111101101
00001101010010
00001011000011
00001000111101
00000111000000
00000101001010
00000011011001
00000001101100
00000000000000
11111110010100
11111100100111
11111010110110
11111001000000
11110111000011
11110100111101
11110010101110
11110000010011
11101101101101
11101010111001
11100111111000
11100100101001
11100001001101
11011101100010
11011001101011
11010101100110
11010001010110
11001100111011
11001000010111
11000011101011
10111110111001
10111010000011
10110101001011
10110000010100
10101011011111
10100110101111
10100010000111
10011101101001
10011001010111
10010101010011
10010001100001
10001110000010
10001010111000
10001000000101
10000101101010
10000011101010
10000010000101
10000000111100
10000000010000
10000000000001
10000000010000
10000000111100
10000010000101
10000011101010
10000101101010
10001000000101
10001010111000
10001110000010
10010001100001
10010101010011
10011001010111
10011101101001
10100010000111
10100110101111
10101011011111
10110000010100
10110101001011
10111010000011
10111110111001
11000011101011
11001000010111
11001100111011
11010001010110
11010101100110
11011001101011
11011101100010
11100001001101
11100100101001
11100111111000
11101010111001
11101101101101
11110000010011
11110010101110
11110100111101
11110111000011
11111001000000
11111010110110
11111100100111
11111110010100
00000000000000
00000001101100
00000011011001
00000101001010
00000111000000
00001000111101
00001011000011
00001101010010
00001111101101
00010010010011
00010101000111
00011000001000
00011011010111
00011110110011
00100010011110
00100110010101
00101010011010
00101110101010
00110011000101
00110111101001
00111100010101
01000001000111
01000101111101
01001010110101
01001111101100
01010100100001
01011001010001
01011101111001
01100010010111
01100110101001
01101010101101
01101110011111
01110001111110
01110101001000
01110111111011
01111010010110
01111100010110
01111101111011
01111111000100
01111111110000
01111111111111
01111111110000
01111111000100
01111101111011
01111100010110
01111010010110
01110111111011
01110101001000
01110001111110
01101110011111
01101010101101
01100110101001
01100010010111
01011101111001
01011001010001
01010100100001
01001111101100
01001010110101
01000101111101
01000001000111
00111100010101
00110111101001
00110011000101
00101110101010
00101010011010
00100110010101
00100010011110
00011110110011
00011011010111
00011000001000
00010101000111
00010010010011
00001111101101
00001101010010
00001011000011
00001000111101
00000111000000
00000101001010
00000011011001
00000001101100
00000000000000
11111110010100
11111100100111
11111010110110
11111001000000
11110111000011
11110100111101
11110010101110
11110000010011
11101101101101
11101010111001
11100111111000
11100100101001
11100001001101
11011101100010
11011001101011
11010101100110
11010001010110
11001100111011
11001000010111
11000011101011
10111110111001
10111010000011
10110101001011
10110000010100
10101011011111
10100110101111
10100010000111
10011101101001
10011001010111
10010101010011
10010001100001
10001110000010
10001010111000
10001000000101
10000101101010
10000011101010
10000010000101
10000000111100
10000000010000
10000000000001
10000000010000
10000000111100
10000010000101
10000011101010
10000101101010
10001000000101
10001010111000
10001110000010
10010001100001
10010101010011
10011001010111
10011101101001
10100010000111
10100110101111
10101011011111
10110000010100
10110101001011
10111010000011
10111110111001
11000011101011
11001000010111
11001100111011
11010001010110
11010101100110
11011001101011
11011101100010
11100001001101
11100100101001
11100111111000
11101010111001
11101101101101
11110000010011
11110010101110
11110100111101
11110111000011
11111001000000
11111010110110
11111100100111
11111110010100
00000000000000
00000001101100
00000011011001
00000101001010
00000111000000
00001000111101
00001011000011
00001101010010
00001111101101
00010010010011
00010101000111
00011000001000
00011011010111
00011110110011
00100010011110
00100110010101
00101010011010
00101110101010
00110011000101
00110111101001
00111100010101
01000001000111
01000101111101
01001010110101
01001111101100
01010100100001
01011001010001
01011101111001
01100010010111
01100110101001
01101010101101
01101110011111
01110001111110
01110101001000
01110111111011
01111010010110
01111100010110
01111101111011
01111111000100
01111111110000
01111111111111
01111111110000
01111111000100
01111101111011
01111100010110
01111010010110
01110111111011
01110101001000
01110001111110
01101110011111
01101010101101
01100110101001
01100010010111
01011101111001
01011001010001
01010100100001
01001111101100
01001010110101
01000101111101
01000001000111
00111100010101
00110111101001
00110011000101
00101110101010
00101010011010
00100110010101
00100010011110
00011110110011
00011011010111
00011000001000
00010101000111
00010010010011
00001111101101
00001101010010
00001011000011
00001000111101
00000111000000
00000101001010
00000011011001
00000001101100
00000000000000
11111110010100
11111100100111
11111010110110
11111001000000
11110111000011
11110100111101
11110010101110
11110000010011
11101101101101
11101010111001
11100111111000
11100100101001
11100001001101
11011101100010
11011001101011
11010101100110
11010001010110
11001100111011
11001000010111
11000011101011
10111110111001
10111010000011
10110101001011
10110000010100
10101011011111
10100110101111
10100010000111
10011101101001
10011001010111
10010101010011
10010001100001
10001110000010
10001010111000
10001000000101
10000101101010
10000011101010
10000010000101
10000000111100
10000000010000
10000000000001
10000000010000
10000000111100
10000010000101
10000011101010
10000101101010
10001000000101
10001010111000
10001110000010
10010001100001
10010101010011
10011001010111
10011101101001
10100010000111
10100110101111
10101011011111
10110000010100
10110101001011
10111010000011
10111110111001
11000011101011
11001000010111
11001100111011
11010001010110
11010101100110
11011001101011
11011101100010
11100001001101
11100100101001
11100111111000
11101010111001
11101101101101
11110000010011
11110010101110
11110100111101
11110111000011
11111001000000
11111010110110
11111100100111
11111110010100
00000000000000
00000001101100
00000011011001
00000101001010
00000111000000
00001000111101
00001011000011
00001101010010
00001111101101
00010010010011
00010101000111
00011000001000
00011011010111
00011110110011
00100010011110
00100110010101
00101010011010
00101110101010
00110011000101
00110111101001
00111100010101
01000001000111
01000101111101
01001010110101
01001111101100
01010100100001
01011001010001
01011101111001
01100010010111
01100110101001
01101010101101
01101110011111
01110001111110
01110101001000
01110111111011
01111010010110
01111100010110
01111101111011
01111111000100
01111111110000
01111111111111
01111111110000
01111111000100
01111101111011
01111100010110
01111010010110
01110111111011
01110101001000
01110001111110
01101110011111
01101010101101
01100110101001
01100010010111
01011101111001
01011001010001
01010100100001
01001111101100
01001010110101
01000101111101
01000001000111
00111100010101
00110111101001
00110011000101
00101110101010
00101010011010
00100110010101
00100010011110
00011110110011
00011011010111
00011000001000
00010101000111
00010010010011
00001111101101
00001101010010
00001011000011
00001000111101
00000111000000
00000101001010
00000011011001
00000001101100
00000000000000
11111110010100
11111100100111
11111010110110
11111001000000
11110111000011
11110100111101
11110010101110
11110000010011
11101101101101
11101010111001
11100111111000
11100100101001
11100001001101
11011101100010
11011001101011
11010101100110
11010001010110
11001100111011
11001000010111
11000011101011
10111110111001
10111010000011
10110101001011
10110000010100
10101011011111
10100110101111
10100010000111
10011101101001
10011001010111
10010101010011
10010001100001
10001110000010
10001010111000
10001000000101
10000101101010
10000011101010
10000010000101
10000000111100
10000000010000
10000000000001
10000000010000
10000000111100
10000010000101
10000011101010
10000101101010
10001000000101
10001010111000
10001110000010
10010001100001
10010101010011
10011001010111
10011101101001
10100010000111
10100110101111
10101011011111
10110000010100
10110101001011
10111010000011
10111110111001
11000011101011
11001000010111
11001100111011
11010001010110
11010101100110
11011001101011
11011101100010
11100001001101
11100100101001
11100111111000
11101010111001
11101101101101
11110000010011
11110010101110
11110100111101
11110111000011
11111001000000
11111010110110
11111100100111
11111110010100
00000000000000
00000001101100
00000011011001
00000101001010
00000111000000
00001000111101
00001011000011
00001101010010
00001111101101
00010010010011
00010101000111
00011000001000
00011011010111
00011110110011
00100010011110
00100110010101
00101010011010
00101110101010
00110011000101
00110111101001
00111100010101
01000001000111
01000101111101
01001010110101
01001111101100
01010100100001
01011001010001
01011101111001
01100010010111
01100110101001
01101010101101
01101110011111
01110001111110
01110101001000
01110111111011
01111010010110
01111100010110
01111101111011
01111111000100
01111111110000
01111111111111
01111111110000
01111111000100
01111101111011
01111100010110
01111010010110
01110111111011
01110101001000
01110001111110
01101110011111
01101010101101
01100110101001
01100010010111
01011101111001
01011001010001
01010100100001
01001111101100
01001010110101
01000101111101
01000001000111
00111100010101
00110111101001
00110011000101
00101110101010
00101010011010
00100110010101
00100010011110
00011110110011
00011011010111
00011000001000
00010101000111
00010010010011
00001111101101
00001101010010
00001011000011
00001000111101
00000111000000
00000101001010
00000011011001
00000001101100
00000000000000
11111110010100
11111100100111
11111010110110
11111001000000
11110111000011
11110100111101
11110010101110
11110000010011
11101101101101
11101010111001
11100111111000
11100100101001
11100001001101
11011101100010
11011001101011
11010101100110
11010001010110
11001100111011
11001000010111
11000011101011
10111110111001
10111010000011
10110101001011
10110000010100
10101011011111
10100110101111
10100010000111
10011101101001
10011001010111
10010101010011
10010001100001
10001110000010
10001010111000
10001000000101
10000101101010
10000011101010
10000010000101
10000000111100
10000000010000
10000000000001
10000000010000
10000000111100
10000010000101
10000011101010
10000101101010
10001000000101
10001010111000
10001110000010
10010001100001
10010101010011
10011001010111
10011101101001
10100010000111
10100110101111
10101011011111
10110000010100
10110101001011
10111010000011
10111110111001
11000011101011
11001000010111
11001100111011
11010001010110
11010101100110
11011001101011
11011101100010
11100001001101
11100100101001
11100111111000
11101010111001
11101101101101
11110000010011
11110010101110
11110100111101
11110111000011
11111001000000
11111010110110
11111100100111
11111110010100
00000000000000
00000001101100
00000011011001
00000101001010
00000111000000
00001000111101
00001011000011
00001101010010
00001111101101
00010010010011
00010101000111
00011000001000
00011011010111
00011110110011
00100010011110
00100110010101
00101010011010
00101110101010
00110011000101
00110111101001
00111100010101
01000001000111
01000101111101
01001010110101
01001111101100
01010100100001
01011001010001
01011101111001
01100010010111
01100110101001
01101010101101
01101110011111
01110001111110
01110101001000
01110111111011
01111010010110
01111100010110
01111101111011
01111111000100
01111111110000
01111111111111
01111111110000
01111111000100
01111101111011
01111100010110
01111010010110
01110111111011
01110101001000
01110001111110
01101110011111
01101010101101
01100110101001
01100010010111
01011101111001
01011001010001
01010100100001
01001111101100
01001010110101
01000101111101
01000001000111
00111100010101
00110111101001
00110011000101
00101110101010
00101010011010
00100110010101
00100010011110
00011110110011
00011011010111
00011000001000
00010101000111
00010010010011
00001111101101
00001101010010
00001011000011
00001000111101
00000111000000
00000101001010
00000011011001
00000001101100
00000000000000
11111110010100
11111100100111
11111010110110
11111001000000
11110111000011
11110100111101
11110010101110
11110000010011
11101101101101
11101010111001
11100111111000
11100100101001
11100001001101
11011101100010
11011001101011
11010101100110
11010001010110
11001100111011
11001000010111
11000011101011
10111110111001
10111010000011
10110101001011
10110000010100
10101011011111
10100110101111
10100010000111
10011101101001
10011001010111
10010101010011
10010001100001
10001110000010
10001010111000
10001000000101
10000101101010
10000011101010
10000010000101
10000000111100
10000000010000
10000000000001
10000000010000
10000000111100
10000010000101
10000011101010
10000101101010
10001000000101
10001010111000
10001110000010
10010001100001
10010101010011
10011001010111
10011101101001
10100010000111
10100110101111
10101011011111
10110000010100
10110101001011
10111010000011
10111110111001
11000011101011
11001000010111
11001100111011
11010001010110
11010101100110
11011001101011
11011101100010
11100001001101
11100100101001
11100111111000
11101010111001
11101101101101
11110000010011
11110010101110
11110100111101
11110111000011
11111001000000
11111010110110
11111100100111
11111110010100
00000000000000
00000001101100
00000011011001
00000101001010
00000111000000
00001000111101
00001011000011
00001101010010
00001111101101
00010010010011
00010101000111
00011000001000
00011011010111
00011110110011
00100010011110
00100110010101
00101010011010
00101110101010
00110011000101
00110111101001
00111100010101
01000001000111
01000101111101
01001010110101
01001111101100
01010100100001
01011001010001
01011101111001
01100010010111
01100110101001
01101010101101
01101110011111
01110001111110
01110101001000
01110111111011
01111010010110
01111100010110
01111101111011
01111111000100
01111111110000
