00000000000000
00001001111011
00010011101100
00011101000111
00100110000101
00101110011100
00110110000110
00111100111110
01000011000001
01001000001101
01001100100011
01010000000101
01010010111001
01010101000100
01010110101100
01010111111010
01011000110110
01011001100111
01011010010111
01011011001100
01011100001100
01011101011100
01011111000000
01100000111010
01100011001010
01100101101110
01101000100100
01101011100110
01101110110000
01110001111010
01110100111111
01110111110111
01111010011100
01111100100110
01111110010010
01111111011010
01111111111100
01111111110111
01111111001010
01111101111000
01111100000100
01111001110001
01110111000111
01110100001011
01110001000011
01101101111000
01101010110000
01100111110001
01100101000000
01100010100001
01100000010111
01011110100011
01011101000100
01011011111001
01011010111100
01011010001010
01011001011010
01011000100111
01010111100111
01010110010011
01010100100010
01010010001101
01001111001100
01001011011100
01000110110111
01000001011101
00111011001011
00110100000101
00101100001110
00100011101100
00011010100101
00010001000011
00000111001111
11111101010010
11110011011001
11101001101101
11100000011001
11010111100101
11001111011001
11000111111101
11000001010011
10111011011111
10110110100010
10110010011011
10101111000101
10101100011101
10101010011101
10101000111100
10100111110100
10100110111100
10100110001100
10100101011100
10100100100100
10100011100000
10100010001011
10100000100000
10011110100000
10011100001011
10011001100010
10010110101000
10010011100011
10010000011001
10001101001111
10001010001101
10000111011010
10000100111100
10000010111001
10000001010111
10000000011001
10000000000001
10000000010001
10000001001001
10000010100101
10000100100010
10000110111011
10001001101011
10001100101011
10001111110100
10010010111111
10010110000101
10011001000001
10011011101110
10011110000111
10100000001011
10100001111001
10100011010010
10100100011001
10100101010010
10100110000011
10100110110011
10100111101001
10101000101101
10101010001001
10101100000011
10101110100011
10110001110000
10110101101110
10111010100010
11000000001011
11000110101011
11001101111111
11010110000011
11011110110000
11100111111111
11110001100111
11111011011111
00000101011011
00001111010010
00011000111000
00100010000101
00101010101110
00110010101101
00111001111101
01000000011000
01000101111100
01001010101011
01001110100100
01010001101101
01010100001010
01010110000001
01010111011010
01011000011100
01011001010010
01011010000001
01011010110011
01011011101101
01011100110101
01011110010000
01100000000000
01100010000110
01100100100001
01100111001111
01101010001100
01101101010100
01110000011111
01110011100111
01110110100110
01111001010100
01111011101011
01111101100101
01111110111110
01111111110010
01111111111110
01111111100011
01111110100010
01111100111100
01111010110111
01111000010111
01110101100010
01110010011111
01101111010101
01101100001010
01101001000110
01100110001110
01100011100111
01100001010011
01011111010101
01011101101101
01011100011001
01011011010110
01011010100000
01011001110000
01011000111111
01011000000110
01010110111100
01010101011001
01010011010101
01010000101001
01001101010000
01001001000011
01000100000001
00111110001000
00110111011010
00101111111001
00100111101001
00011110110010
00010101011011
00001011101110
00000001110100
11110111111000
11101110000101
11100100100100
11011011100001
11010011000010
11001011001111
11000100001110
10111110000010
10111000101100
10110100001100
10110000100000
10101101100100
10101011010011
10101001100100
10101000010010
10100111010100
10100110100001
10100101110010
10100100111111
10100100000001
10100010110100
10100001010011
10011111011101
10011101010001
10011010110001
10010111111110
10010100111110
10010001110101
10001110101010
10001011100100
10001000101001
10000110000000
10000011110001
10000001111111
10000000110000
10000000000111
10000000000101
10000000101011
10000001110110
10000011100101
10000101110010
10001000011001
10001011010010
10001110011000
10010001100011
10010100101100
10010111101101
10011010100001
10011101000100
10011111010010
10100001001010
10100010101100
10100011111011
10100100111010
10100101101110
10100110011101
10100111001111
10101000001100
10101001011100
10101011000111
10101101010101
10110000001101
10110011110100
10111000001111
10111101100000
11000011101000
11001010100100
11010010010011
11011010101110
11100011101110
11101101001100
11110110111110
00000000111010
00001010110100
00010100100100
00011101111101
00100110110111
00101111001011
00110110110000
00111101100100
01000011100001
01001000101000
01001100111001
01010000011000
01010011000111
01010101001111
01010110110100
01011000000000
01011000111011
01011001101100
01011010011011
01011011010001
01011100010010
01011101100100
01011111001011
01100001000111
01100011011000
01100101111110
01101000110101
01101011111000
01101111000010
01110010001101
01110101010001
01111000000111
01111010101010
01111100110010
01111110011010
01111111011111
01111111111110
01111111110101
01111111000100
01111101101111
01111011110111
01111001100011
01110110110110
01110011111001
01110000110001
01101101100110
01101010011110
01100111100000
01100100110000
01100010010011
01100000001100
01011110011010
01011100111101
01011011110011
01011010110111
01011010000101
01011001010110
01011000100010
01010111100000
01010110001010
01010100010110
01010001111101
01001110111001
01001011000100
01000110011010
01000000111010
00111010100100
00110011011010
00101011011110
00100010111000
00011001101111
00010000001010
00000110010101
11111100011000
11110010100000
11101000110110
11011111100100
11010110110100
11001110101100
11000111010100
11000000101111
10111011000000
10110110001000
10110010000101
10101110110100
10101100010000
10101010010011
10101000110101
10100111101110
10100110110111
10100110000111
10100101010111
10100100011111
10100011011001
10100010000010
10100000010110
10011110010100
10011011111100
10011001010001
10010110010111
10010011010001
10010000000110
10001100111101
10001001111100
10000111001010
10000100101111
10000010101111
10000001001111
10000000010101
10000000000001
10000000010101
10000001001111
10000010101111
10000100101111
10000111001010
10001001111100
10001100111101
10010000000110
10010011010001
10010110010111
10011001010001
10011011111100
10011110010100
10100000010110
10100010000010
10100011011001
10100100011111
10100101010111
10100110000111
10100110110111
10100111101110
10101000110101
10101010010011
10101100010000
10101110110100
10110010000101
10110110001000
10111011000000
11000000101111
11000111010100
11001110101100
11010110110100
11011111100100
11101000110110
11110010100000
11111100011000
00000110010101
00010000001010
00011001101111
00100010111000
00101011011110
00110011011010
00111010100100
01000000111010
01000110011010
01001011000100
01001110111001
01010001111101
01010100010110
01010110001010
01010111100000
01011000100010
01011001010110
01011010000101
01011010110111
01011011110011
01011100111101
01011110011010
01100000001100
01100010010011
01100100110000
01100111100000
01101010011110
01101101100110
01110000110001
01110011111001
01110110110110
01111001100011
01111011110111
01111101101111
01111111000100
01111111110101
01111111111110
01111111011111
01111110011010
01111100110010
01111010101010
01111000000111
01110101010001
01110010001101
01101111000010
01101011111000
01101000110101
01100101111110
01100011011000
01100001000111
01011111001011
01011101100100
01011100010010
01011011010001
01011010011011
01011001101100
01011000111011
01011000000000
01010110110100
01010101001111
01010011000111
01010000011000
01001100111001
01001000101000
01000011100001
00111101100100
00110110110000
00101111001011
00100110110111
00011101111101
00010100100100
00001010110100
00000000111010
11110110111110
11101101001100
11100011101110
11011010101110
11010010010011
11001010100100
11000011101000
10111101100000
10111000001111
10110011110100
10110000001101
10101101010101
10101011000111
10101001011100
10101000001100
10100111001111
10100110011101
10100101101110
10100100111010
10100011111011
10100010101100
10100001001010
10011111010010
10011101000100
10011010100001
10010111101101
10010100101100
10010001100011
10001110011000
10001011010010
10001000011001
10000101110010
10000011100101
10000001110110
10000000101011
10000000000101
10000000000111
10000000110000
10000001111111
10000011110001
10000110000000
10001000101001
10001011100100
10001110101010
10010001110101
10010100111110
10010111111110
10011010110001
10011101010001
10011111011101
10100001010011
10100010110100
10100100000001
10100100111111
10100101110010
10100110100001
10100111010100
10101000010010
10101001100100
10101011010011
10101101100100
10110000100000
10110100001100
10111000101100
10111110000010
11000100001110
11001011001111
11010011000010
11011011100001
11100100100100
11101110000101
11110111111000
00000001110100
00001011101110
00010101011011
00011110110010
00100111101001
00101111111001
00110111011010
00111110001000
01000100000001
01001001000011
01001101010000
01010000101001
01010011010101
01010101011001
01010110111100
01011000000110
01011000111111
01011001110000
01011010100000
01011011010110
01011100011001
01011101101101
01011111010101
01100001010011
01100011100111
01100110001110
01101001000110
01101100001010
01101111010101
01110010011111
01110101100010
01111000010111
01111010110111
01111100111100
01111110100010
01111111100011
01111111111110
01111111110010
01111110111110
01111101100101
01111011101011
01111001010100
01110110100110
01110011100111
01110000011111
01101101010100
01101010001100
01100111001111
01100100100001
01100010000110
01100000000000
01011110010000
01011100110101
01011011101101
01011010110011
01011010000001
01011001010010
01011000011100
01010111011010
01010110000001
01010100001010
01010001101101
01001110100100
01001010101011
01000101111100
01000000011000
00111001111101
00110010101101
00101010101110
00100010000101
00011000111000
00001111010010
00000101011011
11111011011111
11110001100111
11100111111111
11011110110000
11010110000011
11001101111111
11000110101011
11000000001011
10111010100010
10110101101110
10110001110000
10101110100011
10101100000011
10101010001001
10101000101101
10100111101001
10100110110011
10100110000011
10100101010010
10100100011001
10100011010010
10100001111001
10100000001011
10011110000111
10011011101110
10011001000001
10010110000101
10010010111111
10001111110100
10001100101011
10001001101011
10000110111011
10000100100010
10000010100101
10000001001001
10000000010001
10000000000001
10000000011001
10000001010111
10000010111001
10000100111100
10000111011010
10001010001101
10001101001111
10010000011001
10010011100011
10010110101000
10011001100010
10011100001011
10011110100000
10100000100000
10100010001011
10100011100000
10100100100100
10100101011100
10100110001100
10100110111100
10100111110100
10101000111100
10101010011101
10101100011101
10101111000101
10110010011011
10110110100010
10111011011111
11000001010011
11000111111101
11001111011001
11010111100101
11100000011001
11101001101101
11110011011001
11111101010010
00000111001111
00010001000011
00011010100101
00100011101100
00101100001110
00110100000101
00111011001011
01000001011101
01000110110111
01001011011100
01001111001100
01010010001101
01010100100010
01010110010011
01010111100111
01011000100111
01011001011010
01011010001010
01011010111100
01011011111001
01011101000100
01011110100011
01100000010111
01100010100001
01100101000000
01100111110001
01101010110000
01101101111000
01110001000011
01110100001011
01110111000111
01111001110001
01111100000100
01111101111000
01111111001010
01111111110111
01111111111100
01111111011010
01111110010010
01111100100110
01111010011100
01110111110111
01110100111111
01110001111010
01101110110000
01101011100110
01101000100100
01100101101110
01100011001010
01100000111010
01011111000000
01011101011100
01011100001100
01011011001100
01011010010111
01011001100111
01011000110110
01010111111010
01010110101100
01010101000100
01010010111001
01010000000101
01001100100011
01001000001101
01000011000001
00111100111110
00110110000110
00101110011100
00100110000101
00011101000111
00010011101100
00001001111011
00000000000000
11110110000101
11101100010100
11100010111001
11011001111011
11010001100100
11001001111010
11000011000010
10111100111111
10110111110011
10110011011101
10101111111011
10101101000111
10101010111100
10101001010100
10101000000110
10100111001010
10100110011001
10100101101001
10100100110100
10100011110100
10100010100100
10100001000000
10011111000110
10011100110110
10011010010010
10010111011100
10010100011010
10010001010000
10001110000110
10001011000001
10001000001001
10000101100100
10000011011010
10000001101110
10000000100110
10000000000100
10000000001001
10000000110110
10000010001000
10000011111100
10000110001111
10001000111001
10001011110101
10001110111101
10010010001000
10010101010000
10011000001111
10011011000000
10011101011111
10011111101001
10100001011101
10100010111100
10100100000111
10100101000100
10100101110110
10100110100110
10100111011001
10101000011001
10101001101101
10101011011110
10101101110011
10110000110100
10110100100100
10111001001001
10111110100011
11000100110101
11001011111011
11010011110010
11011100010100
11100101011011
11101110111101
11111000110001
00000010101110
00001100100111
00010110010011
00011111100111
00101000011011
00110000100111
00111000000011
00111110101101
01000100100001
01001001011110
01001101100101
01010000111011
01010011100011
01010101100011
01010111000100
01011000001100
01011001000100
01011001110100
01011010100100
01011011011100
01011100100000
01011101110101
01011111100000
01100001100000
01100011110101
01100110011110
01101001011000
01101100011101
01101111100111
01110010110001
01110101110011
01111000100110
01111011000100
01111101000111
01111110101001
01111111100111
01111111111111
01111111101111
01111110110111
01111101011011
01111011011110
01111001000101
01110110010101
01110011010101
01110000001100
01101101000001
01101001111011
01100110111111
01100100010010
01100001111001
01011111110101
01011110000111
01011100101110
01011011100111
01011010101110
01011001111101
01011001001101
01011000010111
01010111010011
01010101110111
01010011111101
01010001011101
01001110010000
01001010010010
01000101011110
00111111110101
00111001010101
00110010000001
00101001111101
00100001010000
00011000000001
00001110011001
00000100100001
11111010100101
11110000101110
11100111001000
11011101111011
11010101010010
11001101010011
11000110000011
10111111101000
10111010000100
10110101010101
10110001011100
10101110010011
10101011110110
10101001111111
10101000100110
10100111100100
10100110101110
10100101111111
10100101001101
10100100010011
10100011001011
10100001110000
10100000000000
10011101111010
10011011011111
10011000110001
10010101110100
10010010101100
10001111100001
10001100011001
10001001011010
10000110101100
10000100010101
10000010011011
10000001000010
10000000001110
10000000000010
10000000011101
10000001011110
10000011000100
10000101001001
10000111101001
10001010011110
10001101100001
10010000101011
10010011110110
10010110111010
10011001110010
10011100011001
10011110101101
10100000101011
10100010010011
10100011100111
10100100101010
10100101100000
10100110010000
10100111000001
10100111111010
10101001000100
10101010100111
10101100101011
10101111010111
10110010110000
10110110111101
10111011111111
11000001111000
11001000100110
11010000000111
11011000010111
11100001001110
11101010100101
11110100010010
11111110001100
00001000001000
00010001111011
00011011011100
00100100011111
00101100111110
00110100110001
00111011110010
01000001111110
01000111010100
01001011110100
01001111100000
01010010011100
01010100101101
01010110011100
01010111101110
01011000101100
01011001011111
01011010001110
01011011000001
01011011111111
01011101001100
01011110101101
01100000100011
01100010101111
01100101001111
01101000000010
01101011000010
01101110001011
01110001010110
01110100011100
01110111010111
01111010000000
01111100001111
01111110000001
01111111010000
01111111111001
01111111111011
01111111010101
01111110001010
01111100011011
01111010001110
01110111100111
01110100101110
01110001101000
01101110011101
01101011010100
01101000010011
01100101011111
01100010111100
01100000101110
01011110110110
01011101010100
01011100000101
01011011000110
01011010010010
01011001100011
01011000110001
01010111110100
01010110100100
01010100111001
01010010101011
01001111110011
01001100001100
01000111110001
01000010100000
00111100011000
00110101011100
00101101101101
00100101010010
00011100010010
00010010110100
00001001000010
11111111000110
11110101001100
11101011011100
11100010000011
11011001001001
11010000110101
11001001010000
11000010011100
10111100011111
10110111011000
10110011000111
10101111101000
10101100111001
10101010110001
10101001001100
10101000000000
10100111000101
10100110010100
10100101100101
10100100101111
10100011101110
10100010011100
10100000110101
10011110111001
10011100101000
10011010000010
10010111001011
10010100001000
10010000111110
10001101110011
10001010101111
10000111111001
10000101010110
10000011001110
10000001100110
10000000100001
10000000000010
10000000001011
10000000111100
10000010010001
10000100001001
10000110011101
10001001001010
10001100000111
10001111001111
10010010011010
10010101100010
10011000100000
10011011010000
10011101101101
10011111110100
10100001100110
10100011000011
10100100001101
10100101001001
10100101111011
10100110101010
10100111011110
10101000100000
10101001110110
10101011101010
10101110000011
10110001000111
10110100111100
10111001100110
10111111000110
11000101011100
11001100100110
11010100100010
11011101001000
11100110010001
11101111110110
11111001101011
00000011101000
00001101100000
00010111001010
00100000011100
00101001001100
00110001010100
00111000101100
00111111010001
01000101000000
01001001111000
01001101111011
01010001001100
01010011110000
01010101101101
01010111001011
01011000010010
01011001001001
01011001111001
01011010101001
01011011100001
01011100100111
01011101111110
01011111101010
01100001101100
01100100000100
01100110101111
01101001101001
01101100101111
01101111111010
01110011000011
01110110000100
01111000110110
01111011010001
01111101010001
01111110110001
01111111101011
01111111111111
01111111101011
01111110110001
01111101010001
01111011010001
01111000110110
01110110000100
01110011000011
01101111111010
01101100101111
01101001101001
01100110101111
01100100000100
01100001101100
01011111101010
01011101111110
01011100100111
01011011100001
01011010101001
01011001111001
01011001001001
01011000010010
01010111001011
01010101101101
01010011110000
01010001001100
01001101111011
01001001111000
01000101000000
00111111010001
00111000101100
00110001010100
00101001001100
00100000011100
00010111001010
00001101100000
00000011101000
11111001101011
11101111110110
11100110010001
11011101001000
11010100100010
11001100100110
11000101011100
10111111000110
10111001100110
10110100111100
10110001000111
10101110000011
10101011101010
10101001110110
10101000100000
10100111011110
10100110101010
10100101111011
10100101001001
10100100001101
10100011000011
10100001100110
10011111110100
10011101101101
10011011010000
10011000100000
10010101100010
10010010011010
10001111001111
10001100000111
10001001001010
10000110011101
10000100001001
10000010010001
10000000111100
10000000001011
10000000000010
10000000100001
10000001100110
10000011001110
10000101010110
10000111111001
10001010101111
10001101110011
10010000111110
10010100001000
10010111001011
10011010000010
10011100101000
10011110111001
10100000110101
10100010011100
10100011101110
10100100101111
10100101100101
10100110010100
10100111000101
10101000000000
10101001001100
10101010110001
10101100111001
10101111101000
10110011000111
10110111011000
10111100011111
11000010011100
11001001010000
11010000110101
11011001001001
11100010000011
11101011011100
11110101001100
11111111000110
00001001000010
00010010110100
00011100010010
00100101010010
00101101101101
00110101011100
00111100011000
01000010100000
01000111110001
01001100001100
01001111110011
01010010101011
01010100111001
01010110100100
01010111110100
01011000110001
01011001100011
01011010010010
01011011000110
01011100000101
01011101010100
01011110110110
01100000101110
01100010111100
01100101011111
01101000010011
01101011010100
01101110011101
01110001101000
01110100101110
01110111100111
01111010001110
01111100011011
01111110001010
01111111010101
01111111111011
01111111111001
01111111010000
01111110000001
01111100001111
01111010000000
01110111010111
01110100011100
01110001010110
01101110001011
01101011000010
01101000000010
01100101001111
01100010101111
01100000100011
01011110101101
01011101001100
01011011111111
01011011000001
01011010001110
01011001011111
01011000101100
01010111101110
01010110011100
01010100101101
01010010011100
01001111100000
01001011110100
01000111010100
01000001111110
00111011110010
00110100110001
00101100111110
00100100011111
00011011011100
00010001111011
00001000001000
11111110001100
11110100010010
11101010100101
11100001001110
11011000010111
11010000000111
11001000100110
11000001111000
10111011111111
10110110111101
10110010110000
10101111010111
10101100101011
10101010100111
10101001000100
10100111111010
10100111000001
10100110010000
10100101100000
10100100101010
10100011100111
10100010010011
10100000101011
10011110101101
10011100011001
10011001110010
10010110111010
10010011110110
10010000101011
10001101100001
10001010011110
10000111101001
10000101001001
10000011000100
10000001011110
10000000011101
10000000000010
10000000001110
10000001000010
10000010011011
10000100010101
10000110101100
10001001011010
10001100011001
10001111100001
10010010101100
10010101110100
10011000110001
10011011011111
10011101111010
10100000000000
10100001110000
10100011001011
10100100010011
10100101001101
10100101111111
10100110101110
10100111100100
10101000100110
10101001111111
10101011110110
10101110010011
10110001011100
10110101010101
10111010000100
10111111101000
11000110000011
11001101010011
11010101010010
11011101111011
11100111001000
11110000101110
11111010100101
00000100100001
00001110011001
00011000000001
00100001010000
00101001111101
00110010000001
00111001010101
00111111110101
01000101011110
01001010010010
01001110010000
01010001011101
01010011111101
01010101110111
01010111010011
01011000010111
01011001001101
01011001111101
01011010101110
01011011100111
01011100101110
01011110000111
01011111110101
01100001111001
01100100010010
01100110111111
01101001111011
01101101000001
01110000001100
01110011010101
01110110010101
01111001000101
01111011011110
01111101011011
01111110110111
01111111101111
01111111111111
01111111100111
01111110101001
01111101000111
01111011000100
01111000100110
01110101110011
01110010110001
01101111100111
01101100011101
01101001011000
01100110011110
01100011110101
01100001100000
01011111100000
01011101110101
01011100100000
01011011011100
01011010100100
01011001110100
01011001000100
01011000001100
01010111000100
01010101100011
01010011100011
01010000111011
01001101100101
01001001011110
01000100100001
00111110101101
00111000000011
00110000100111
00101000011011
00011111100111
00010110010011
00001100100111
00000010101110
11111000110001
11101110111101
11100101011011
11011100010100
11010011110010
11001011111011
11000100110101
10111110100011
10111001001001
10110100100100
10110000110100
10101101110011
10101011011110
10101001101101
10101000011001
10100111011001
10100110100110
10100101110110
10100101000100
10100100000111
10100010111100
10100001011101
10011111101001
10011101011111
10011011000000
10011000001111
10010101010000
10010010001000
10001110111101
10001011110101
10001000111001
10000110001111
10000011111100
10000010001000
10000000110110
10000000001001
10000000000100
10000000100110
10000001101110
10000011011010
10000101100100
10001000001001
10001011000001
10001110000110
10010001010000
10010100011010
10010111011100
10011010010010
10011100110110
10011111000110
10100001000000
10100010100100
10100011110100
10100100110100
10100101101001
10100110011001
10100111001010
10101000000110
10101001010100
10101010111100
10101101000111
10101111111011
10110011011101
10110111110011
10111100111111
11000011000010
11001001111010
11010001100100
11011001111011
11100010111001
11101100010100
11110110000101
