10011001001001
10011110011001
10100100001010
10101010011011
10110001001010
10111000010101
10111111111011
11000111111000
11010000001011
11011000110000
11100001100101
11101010100101
11110011101110
11111100111011
00000110001010
00001111010110
00011000011100
00100001011001
00101010001001
00110010101000
00111010110100
01000010101010
01001010000111
01010001001001
01010111101110
01011101110101
01100011011011
01101000100000
01101101000100
01110001000110
01110100100111
01110111100111
01111010000111
01111100001000
01111101101100
01111110110100
01111111100011
01111111111011
01111111111110
01111111101111
01111111010001
01111110100110
01111101110010
01111100110110
01111011110110
01111010110101
01111001110100
01111000110110
01110111111110
01110111001100
01110110100011
01110110000011
01110101101110
01110101100101
01110101100110
01110101110100
01110110001100
01110110101111
01110111011100
01111000010000
01111001001010
01111010001001
01111011001011
01111100001100
01111101001011
01111110000100
01111110110110
01111111011100
01111111110110
01111111111111
01111111110101
01111111010110
01111110011111
01111101001110
01111011100000
01111001010101
01110110101011
01110011100000
01101111110100
01101011100111
01100110110111
01100001100111
01011011110110
01010101100101
01001110110110
01000111101011
01000000000101
00111000001000
00101111110101
00100111010000
00011110011011
00010101011011
00001100010010
00000011000101
11111001110110
11110000101010
11100111100100
11011110100111
11010101110111
11001101011000
11000101001100
10111101010110
10110101111001
10101110110111
10101000010010
10100010001011
10011100100101
10010111100000
10010010111100
10001110111010
10001011011001
10001000011001
10000101111001
10000011111000
10000010010100
10000001001100
10000000011101
10000000000101
10000000000010
10000000010001
10000000101111
10000001011010
10000010001110
10000011001010
10000100001010
10000101001011
10000110001100
10000111001010
10001000000010
10001000110100
10001001011101
10001001111101
10001010010010
10001010011011
10001010011010
10001010001100
10001001110100
10001001010001
10001000100100
10000111110000
10000110110110
10000101110111
10000100110101
10000011110100
10000010110101
10000001111100
10000001001010
10000000100100
10000000001010
10000000000001
10000000001011
10000000101010
10000001100001
10000010110010
10000100100000
10000110101011
10001001010101
10001100100000
10010000001100
10010100011001
10011001001001
10011110011001
10100100001010
10101010011011
10110001001010
10111000010101
10111111111011
11000111111000
11010000001011
11011000110000
11100001100101
11101010100101
11110011101110
11111100111011
00000110001010
00001111010110
00011000011100
00100001011001
00101010001001
00110010101000
00111010110100
01000010101010
01001010000111
01010001001001
01010111101110
01011101110101
01100011011011
01101000100000
01101101000100
01110001000110
01110100100111
01110111100111
01111010000111
01111100001000
01111101101100
01111110110100
01111111100011
01111111111011
01111111111110
01111111101111
01111111010001
01111110100110
01111101110010
01111100110110
01111011110110
01111010110101
01111001110100
01111000110110
01110111111110
01110111001100
01110110100011
01110110000011
01110101101110
01110101100101
01110101100110
01110101110100
01110110001100
01110110101111
01110111011100
01111000010000
01111001001010
01111010001001
01111011001011
01111100001100
01111101001011
01111110000100
01111110110110
01111111011100
01111111110110
01111111111111
01111111110101
01111111010110
01111110011111
01111101001110
01111011100000
01111001010101
01110110101011
01110011100000
01101111110100
01101011100111
01100110110111
01100001100111
01011011110110
01010101100101
01001110110110
01000111101011
01000000000101
00111000001000
00101111110101
00100111010000
00011110011011
00010101011011
00001100010010
00000011000101
11111001110110
11110000101010
11100111100100
11011110100111
11010101110111
11001101011000
11000101001100
10111101010110
10110101111001
10101110110111
10101000010010
10100010001011
10011100100101
10010111100000
10010010111100
10001110111010
10001011011001
10001000011001
10000101111001
10000011111000
10000010010100
10000001001100
10000000011101
10000000000101
10000000000010
10000000010001
10000000101111
10000001011010
10000010001110
10000011001010
10000100001010
10000101001011
10000110001100
10000111001010
10001000000010
10001000110100
10001001011101
10001001111101
10001010010010
10001010011011
10001010011010
10001010001100
10001001110100
10001001010001
10001000100100
10000111110000
10000110110110
10000101110111
10000100110101
10000011110100
10000010110101
10000001111100
10000001001010
10000000100100
10000000001010
10000000000001
10000000001011
10000000101010
10000001100001
10000010110010
10000100100000
10000110101011
10001001010101
10001100100000
10010000001100
10010100011001
10011001001001
10011110011001
10100100001010
10101010011011
10110001001010
10111000010101
10111111111011
11000111111000
11010000001011
11011000110000
11100001100101
11101010100101
11110011101110
11111100111011
00000110001010
00001111010110
00011000011100
00100001011001
00101010001001
00110010101000
00111010110100
01000010101010
01001010000111
01010001001001
01010111101110
01011101110101
01100011011011
01101000100000
01101101000100
01110001000110
01110100100111
01110111100111
01111010000111
01111100001000
01111101101100
01111110110100
01111111100011
01111111111011
01111111111110
01111111101111
01111111010001
01111110100110
01111101110010
01111100110110
01111011110110
01111010110101
01111001110100
01111000110110
01110111111110
01110111001100
01110110100011
01110110000011
01110101101110
01110101100101
01110101100110
01110101110100
01110110001100
01110110101111
01110111011100
01111000010000
01111001001010
01111010001001
01111011001011
01111100001100
01111101001011
01111110000100
01111110110110
01111111011100
01111111110110
01111111111111
01111111110101
01111111010110
01111110011111
01111101001110
01111011100000
01111001010101
01110110101011
01110011100000
01101111110100
01101011100111
01100110110111
01100001100111
01011011110110
01010101100101
01001110110110
01000111101011
01000000000101
00111000001000
00101111110101
00100111010000
00011110011011
00010101011011
00001100010010
00000011000101
11111001110110
11110000101010
11100111100100
11011110100111
11010101110111
11001101011000
11000101001100
10111101010110
10110101111001
10101110110111
10101000010010
10100010001011
10011100100101
10010111100000
10010010111100
10001110111010
10001011011001
10001000011001
10000101111001
10000011111000
10000010010100
10000001001100
10000000011101
10000000000101
10000000000010
10000000010001
10000000101111
10000001011010
10000010001110
10000011001010
10000100001010
10000101001011
10000110001100
10000111001010
10001000000010
10001000110100
10001001011101
10001001111101
10001010010010
10001010011011
10001010011010
10001010001100
10001001110100
10001001010001
10001000100100
10000111110000
10000110110110
10000101110111
10000100110101
10000011110100
10000010110101
10000001111100
10000001001010
10000000100100
10000000001010
10000000000001
10000000001011
10000000101010
10000001100001
10000010110010
10000100100000
10000110101011
10001001010101
10001100100000
10010000001100
10010100011001
10011001001001
10011110011001
10100100001010
10101010011011
10110001001010
10111000010101
10111111111011
11000111111000
11010000001011
11011000110000
11100001100101
11101010100101
11110011101110
11111100111011
00000110001010
00001111010110
00011000011100
00100001011001
00101010001001
00110010101000
00111010110100
01000010101010
01001010000111
01010001001001
01010111101110
01011101110101
01100011011011
01101000100000
01101101000100
01110001000110
01110100100111
01110111100111
01111010000111
01111100001000
01111101101100
01111110110100
01111111100011
01111111111011
01111111111110
01111111101111
01111111010001
01111110100110
01111101110010
01111100110110
01111011110110
01111010110101
01111001110100
01111000110110
01110111111110
01110111001100
01110110100011
01110110000011
01110101101110
01110101100101
01110101100110
01110101110100
01110110001100
01110110101111
01110111011100
01111000010000
01111001001010
01111010001001
01111011001011
01111100001100
01111101001011
01111110000100
01111110110110
01111111011100
01111111110110
01111111111111
01111111110101
01111111010110
01111110011111
01111101001110
01111011100000
01111001010101
01110110101011
01110011100000
01101111110100
01101011100111
01100110110111
01100001100111
01011011110110
01010101100101
01001110110110
01000111101011
01000000000101
00111000001000
00101111110101
00100111010000
00011110011011
00010101011011
00001100010010
00000011000101
11111001110110
11110000101010
11100111100100
11011110100111
11010101110111
11001101011000
11000101001100
10111101010110
10110101111001
10101110110111
10101000010010
10100010001011
10011100100101
10010111100000
10010010111100
10001110111010
10001011011001
10001000011001
10000101111001
10000011111000
10000010010100
10000001001100
10000000011101
10000000000101
10000000000010
10000000010001
10000000101111
10000001011010
10000010001110
10000011001010
10000100001010
10000101001011
10000110001100
10000111001010
10001000000010
10001000110100
10001001011101
10001001111101
10001010010010
10001010011011
10001010011010
10001010001100
10001001110100
10001001010001
10001000100100
10000111110000
10000110110110
10000101110111
10000100110101
10000011110100
10000010110101
10000001111100
10000001001010
10000000100100
10000000001010
10000000000001
10000000001011
10000000101010
10000001100001
10000010110010
10000100100000
10000110101011
10001001010101
10001100100000
10010000001100
10010100011001
10011001001001
10011110011001
10100100001010
10101010011011
10110001001010
10111000010101
10111111111011
11000111111000
11010000001011
11011000110000
11100001100101
11101010100101
11110011101110
11111100111011
00000110001010
00001111010110
00011000011100
00100001011001
00101010001001
00110010101000
00111010110100
01000010101010
01001010000111
01010001001001
01010111101110
01011101110101
01100011011011
01101000100000
01101101000100
01110001000110
01110100100111
01110111100111
01111010000111
01111100001000
01111101101100
01111110110100
01111111100011
01111111111011
01111111111110
01111111101111
01111111010001
01111110100110
01111101110010
01111100110110
01111011110110
01111010110101
01111001110100
01111000110110
01110111111110
01110111001100
01110110100011
01110110000011
01110101101110
01110101100101
01110101100110
01110101110100
01110110001100
01110110101111
01110111011100
01111000010000
01111001001010
01111010001001
01111011001011
01111100001100
01111101001011
01111110000100
01111110110110
01111111011100
01111111110110
01111111111111
01111111110101
01111111010110
01111110011111
01111101001110
01111011100000
01111001010101
01110110101011
01110011100000
01101111110100
01101011100111
01100110110111
01100001100111
01011011110110
01010101100101
01001110110110
01000111101011
01000000000101
00111000001000
00101111110101
00100111010000
00011110011011
00010101011011
00001100010010
00000011000101
11111001110110
11110000101010
11100111100100
11011110100111
11010101110111
11001101011000
11000101001100
10111101010110
10110101111001
10101110110111
10101000010010
10100010001011
10011100100101
10010111100000
10010010111100
10001110111010
10001011011001
10001000011001
10000101111001
10000011111000
10000010010100
10000001001100
10000000011101
10000000000101
10000000000010
10000000010001
10000000101111
10000001011010
10000010001110
10000011001010
10000100001010
10000101001011
10000110001100
10000111001010
10001000000010
10001000110100
10001001011101
10001001111101
10001010010010
10001010011011
10001010011010
10001010001100
10001001110100
10001001010001
10001000100100
10000111110000
10000110110110
10000101110111
10000100110101
10000011110100
10000010110101
10000001111100
10000001001010
10000000100100
10000000001010
10000000000001
10000000001011
10000000101010
10000001100001
10000010110010
10000100100000
10000110101011
10001001010101
10001100100000
10010000001100
10010100011001
10011001001001
10011110011001
10100100001010
10101010011011
10110001001010
10111000010101
10111111111011
11000111111000
11010000001011
11011000110000
11100001100101
11101010100101
11110011101110
11111100111011
00000110001010
00001111010110
00011000011100
00100001011001
00101010001001
00110010101000
00111010110100
01000010101010
01001010000111
01010001001001
01010111101110
01011101110101
01100011011011
01101000100000
01101101000100
01110001000110
01110100100111
01110111100111
01111010000111
01111100001000
01111101101100
01111110110100
01111111100011
01111111111011
01111111111110
01111111101111
01111111010001
01111110100110
01111101110010
01111100110110
01111011110110
01111010110101
01111001110100
01111000110110
01110111111110
01110111001100
01110110100011
01110110000011
01110101101110
01110101100101
01110101100110
01110101110100
01110110001100
01110110101111
01110111011100
01111000010000
01111001001010
01111010001001
01111011001011
01111100001100
01111101001011
01111110000100
01111110110110
01111111011100
01111111110110
01111111111111
01111111110101
01111111010110
01111110011111
01111101001110
01111011100000
01111001010101
01110110101011
01110011100000
01101111110100
01101011100111
01100110110111
01100001100111
01011011110110
01010101100101
01001110110110
01000111101011
01000000000101
00111000001000
00101111110101
00100111010000
00011110011011
00010101011011
00001100010010
00000011000101
11111001110110
11110000101010
11100111100100
11011110100111
11010101110111
11001101011000
11000101001100
10111101010110
10110101111001
10101110110111
10101000010010
10100010001011
10011100100101
10010111100000
10010010111100
10001110111010
10001011011001
10001000011001
10000101111001
10000011111000
10000010010100
10000001001100
10000000011101
10000000000101
10000000000010
10000000010001
10000000101111
10000001011010
10000010001110
10000011001010
10000100001010
10000101001011
10000110001100
10000111001010
10001000000010
10001000110100
10001001011101
10001001111101
10001010010010
10001010011011
10001010011010
10001010001100
10001001110100
10001001010001
10001000100100
10000111110000
10000110110110
10000101110111
10000100110101
10000011110100
10000010110101
10000001111100
10000001001010
10000000100100
10000000001010
10000000000001
10000000001011
10000000101010
10000001100001
10000010110010
10000100100000
10000110101011
10001001010101
10001100100000
10010000001100
10010100011001
10011001001001
10011110011001
10100100001010
10101010011011
10110001001010
10111000010101
10111111111011
11000111111000
11010000001011
11011000110000
11100001100101
11101010100101
11110011101110
11111100111011
00000110001010
00001111010110
00011000011100
00100001011001
00101010001001
00110010101000
00111010110100
01000010101010
01001010000111
01010001001001
01010111101110
01011101110101
01100011011011
01101000100000
01101101000100
01110001000110
01110100100111
01110111100111
01111010000111
01111100001000
01111101101100
01111110110100
01111111100011
01111111111011
01111111111110
01111111101111
01111111010001
01111110100110
01111101110010
01111100110110
01111011110110
01111010110101
01111001110100
01111000110110
01110111111110
01110111001100
01110110100011
01110110000011
01110101101110
01110101100101
01110101100110
01110101110100
01110110001100
01110110101111
01110111011100
01111000010000
01111001001010
01111010001001
01111011001011
01111100001100
01111101001011
01111110000100
01111110110110
01111111011100
01111111110110
01111111111111
01111111110101
01111111010110
01111110011111
01111101001110
01111011100000
01111001010101
01110110101011
01110011100000
01101111110100
01101011100111
01100110110111
01100001100111
01011011110110
01010101100101
01001110110110
01000111101011
01000000000101
00111000001000
00101111110101
00100111010000
00011110011011
00010101011011
00001100010010
00000011000101
11111001110110
11110000101010
11100111100100
11011110100111
11010101110111
11001101011000
11000101001100
10111101010110
10110101111001
10101110110111
10101000010010
10100010001011
10011100100101
10010111100000
10010010111100
10001110111010
10001011011001
10001000011001
10000101111001
10000011111000
10000010010100
10000001001100
10000000011101
10000000000101
10000000000010
10000000010001
10000000101111
10000001011010
10000010001110
10000011001010
10000100001010
10000101001011
10000110001100
10000111001010
10001000000010
10001000110100
10001001011101
10001001111101
10001010010010
10001010011011
10001010011010
10001010001100
10001001110100
10001001010001
10001000100100
10000111110000
10000110110110
10000101110111
10000100110101
10000011110100
10000010110101
10000001111100
10000001001010
10000000100100
10000000001010
10000000000001
10000000001011
10000000101010
10000001100001
10000010110010
10000100100000
10000110101011
10001001010101
10001100100000
10010000001100
10010100011001
10011001001001
10011110011001
10100100001010
10101010011011
10110001001010
10111000010101
10111111111011
11000111111000
11010000001011
11011000110000
11100001100101
11101010100101
11110011101110
11111100111011
00000110001010
00001111010110
00011000011100
00100001011001
00101010001001
00110010101000
00111010110100
01000010101010
01001010000111
01010001001001
01010111101110
01011101110101
01100011011011
01101000100000
01101101000100
01110001000110
01110100100111
01110111100111
01111010000111
01111100001000
01111101101100
01111110110100
01111111100011
01111111111011
01111111111110
01111111101111
01111111010001
01111110100110
01111101110010
01111100110110
01111011110110
01111010110101
01111001110100
01111000110110
01110111111110
01110111001100
01110110100011
01110110000011
01110101101110
01110101100101
01110101100110
01110101110100
01110110001100
01110110101111
01110111011100
01111000010000
01111001001010
01111010001001
01111011001011
01111100001100
01111101001011
01111110000100
01111110110110
01111111011100
01111111110110
01111111111111
01111111110101
01111111010110
01111110011111
01111101001110
01111011100000
01111001010101
01110110101011
01110011100000
01101111110100
01101011100111
01100110110111
01100001100111
01011011110110
01010101100101
01001110110110
01000111101011
01000000000101
00111000001000
00101111110101
00100111010000
00011110011011
00010101011011
00001100010010
00000011000101
11111001110110
11110000101010
11100111100100
11011110100111
11010101110111
11001101011000
11000101001100
10111101010110
10110101111001
10101110110111
10101000010010
10100010001011
10011100100101
10010111100000
10010010111100
10001110111010
10001011011001
10001000011001
10000101111001
10000011111000
10000010010100
10000001001100
10000000011101
10000000000101
10000000000010
10000000010001
10000000101111
10000001011010
10000010001110
10000011001010
10000100001010
10000101001011
10000110001100
10000111001010
10001000000010
10001000110100
10001001011101
10001001111101
10001010010010
10001010011011
10001010011010
10001010001100
10001001110100
10001001010001
10001000100100
10000111110000
10000110110110
10000101110111
10000100110101
10000011110100
10000010110101
10000001111100
10000001001010
10000000100100
10000000001010
10000000000001
10000000001011
10000000101010
10000001100001
10000010110010
10000100100000
10000110101011
10001001010101
10001100100000
10010000001100
10010100011001
10011001001001
10011110011001
10100100001010
10101010011011
10110001001010
10111000010101
10111111111011
11000111111000
11010000001011
11011000110000
11100001100101
11101010100101
11110011101110
11111100111011
00000110001010
00001111010110
00011000011100
00100001011001
00101010001001
00110010101000
00111010110100
01000010101010
01001010000111
01010001001001
01010111101110
01011101110101
01100011011011
01101000100000
01101101000100
01110001000110
01110100100111
01110111100111
01111010000111
01111100001000
01111101101100
01111110110100
01111111100011
01111111111011
01111111111110
01111111101111
01111111010001
01111110100110
01111101110010
01111100110110
01111011110110
01111010110101
01111001110100
01111000110110
01110111111110
01110111001100
01110110100011
01110110000011
01110101101110
01110101100101
01110101100110
01110101110100
01110110001100
01110110101111
01110111011100
01111000010000
01111001001010
01111010001001
01111011001011
01111100001100
01111101001011
01111110000100
01111110110110
01111111011100
01111111110110
01111111111111
01111111110101
01111111010110
01111110011111
01111101001110
01111011100000
01111001010101
01110110101011
01110011100000
01101111110100
01101011100111
01100110110111
01100001100111
01011011110110
01010101100101
01001110110110
01000111101011
01000000000101
00111000001000
00101111110101
00100111010000
00011110011011
00010101011011
00001100010010
00000011000101
11111001110110
11110000101010
11100111100100
11011110100111
11010101110111
11001101011000
11000101001100
10111101010110
10110101111001
10101110110111
10101000010010
10100010001011
10011100100101
10010111100000
10010010111100
10001110111010
10001011011001
10001000011001
10000101111001
10000011111000
10000010010100
10000001001100
10000000011101
10000000000101
10000000000010
10000000010001
10000000101111
10000001011010
10000010001110
10000011001010
10000100001010
10000101001011
10000110001100
10000111001010
10001000000010
10001000110100
10001001011101
10001001111101
10001010010010
10001010011011
10001010011010
10001010001100
10001001110100
10001001010001
10001000100100
10000111110000
10000110110110
10000101110111
10000100110101
10000011110100
10000010110101
10000001111100
10000001001010
10000000100100
10000000001010
10000000000001
10000000001011
10000000101010
10000001100001
10000010110010
10000100100000
10000110101011
10001001010101
10001100100000
10010000001100
10010100011001
10011001001001
10011110011001
10100100001010
10101010011011
10110001001010
10111000010101
10111111111011
11000111111000
11010000001011
11011000110000
11100001100101
11101010100101
11110011101110
11111100111011
00000110001010
00001111010110
00011000011100
00100001011001
00101010001001
00110010101000
00111010110100
01000010101010
01001010000111
01010001001001
01010111101110
01011101110101
01100011011011
01101000100000
01101101000100
01110001000110
01110100100111
01110111100111
01111010000111
01111100001000
01111101101100
01111110110100
01111111100011
01111111111011
01111111111110
01111111101111
01111111010001
01111110100110
01111101110010
01111100110110
01111011110110
01111010110101
01111001110100
01111000110110
01110111111110
01110111001100
01110110100011
01110110000011
01110101101110
01110101100101
01110101100110
01110101110100
01110110001100
01110110101111
01110111011100
01111000010000
01111001001010
01111010001001
01111011001011
01111100001100
01111101001011
01111110000100
01111110110110
01111111011100
01111111110110
01111111111111
01111111110101
01111111010110
01111110011111
01111101001110
01111011100000
01111001010101
01110110101011
01110011100000
01101111110100
01101011100111
01100110110111
01100001100111
01011011110110
01010101100101
01001110110110
01000111101011
01000000000101
00111000001000
00101111110101
00100111010000
00011110011011
00010101011011
00001100010010
00000011000101
11111001110110
11110000101010
11100111100100
11011110100111
11010101110111
11001101011000
11000101001100
10111101010110
10110101111001
10101110110111
10101000010010
10100010001011
10011100100101
10010111100000
10010010111100
10001110111010
10001011011001
10001000011001
10000101111001
10000011111000
10000010010100
10000001001100
10000000011101
10000000000101
10000000000010
10000000010001
10000000101111
10000001011010
10000010001110
10000011001010
10000100001010
10000101001011
10000110001100
10000111001010
10001000000010
10001000110100
10001001011101
10001001111101
10001010010010
10001010011011
10001010011010
10001010001100
10001001110100
10001001010001
10001000100100
10000111110000
10000110110110
10000101110111
10000100110101
10000011110100
10000010110101
10000001111100
10000001001010
10000000100100
10000000001010
10000000000001
10000000001011
10000000101010
10000001100001
10000010110010
10000100100000
10000110101011
10001001010101
10001100100000
10010000001100
10010100011001
10011001001001
10011110011001
10100100001010
10101010011011
10110001001010
10111000010101
10111111111011
11000111111000
11010000001011
11011000110000
11100001100101
11101010100101
11110011101110
11111100111011
00000110001010
00001111010110
00011000011100
00100001011001
00101010001001
00110010101000
00111010110100
01000010101010
01001010000111
01010001001001
01010111101110
01011101110101
01100011011011
01101000100000
01101101000100
01110001000110
01110100100111
01110111100111
01111010000111
01111100001000
01111101101100
01111110110100
01111111100011
01111111111011
01111111111110
01111111101111
01111111010001
01111110100110
01111101110010
01111100110110
01111011110110
01111010110101
01111001110100
01111000110110
01110111111110
01110111001100
01110110100011
01110110000011
01110101101110
01110101100101
01110101100110
01110101110100
01110110001100
01110110101111
01110111011100
01111000010000
01111001001010
01111010001001
01111011001011
01111100001100
01111101001011
01111110000100
01111110110110
01111111011100
01111111110110
01111111111111
01111111110101
01111111010110
01111110011111
01111101001110
01111011100000
01111001010101
01110110101011
01110011100000
01101111110100
01101011100111
01100110110111
01100001100111
01011011110110
01010101100101
01001110110110
01000111101011
01000000000101
00111000001000
00101111110101
00100111010000
00011110011011
00010101011011
00001100010010
00000011000101
11111001110110
11110000101010
11100111100100
11011110100111
11010101110111
11001101011000
11000101001100
10111101010110
10110101111001
10101110110111
10101000010010
10100010001011
10011100100101
10010111100000
10010010111100
10001110111010
10001011011001
10001000011001
10000101111001
10000011111000
10000010010100
10000001001100
10000000011101
10000000000101
10000000000010
10000000010001
10000000101111
10000001011010
10000010001110
10000011001010
10000100001010
10000101001011
10000110001100
10000111001010
10001000000010
10001000110100
10001001011101
10001001111101
10001010010010
10001010011011
10001010011010
10001010001100
10001001110100
10001001010001
10001000100100
10000111110000
10000110110110
10000101110111
10000100110101
10000011110100
10000010110101
10000001111100
10000001001010
10000000100100
10000000001010
10000000000001
10000000001011
10000000101010
10000001100001
10000010110010
10000100100000
10000110101011
10001001010101
10001100100000
10010000001100
10010100011001
10011001001001
10011110011001
10100100001010
10101010011011
10110001001010
10111000010101
10111111111011
11000111111000
11010000001011
11011000110000
11100001100101
11101010100101
11110011101110
11111100111011
00000110001010
00001111010110
00011000011100
00100001011001
00101010001001
00110010101000
00111010110100
01000010101010
01001010000111
01010001001001
01010111101110
01011101110101
01100011011011
01101000100000
01101101000100
01110001000110
01110100100111
01110111100111
01111010000111
01111100001000
01111101101100
01111110110100
01111111100011
01111111111011
01111111111110
01111111101111
01111111010001
01111110100110
01111101110010
01111100110110
01111011110110
01111010110101
01111001110100
01111000110110
01110111111110
01110111001100
01110110100011
01110110000011
01110101101110
01110101100101
01110101100110
01110101110100
01110110001100
01110110101111
01110111011100
01111000010000
01111001001010
01111010001001
01111011001011
01111100001100
01111101001011
01111110000100
01111110110110
01111111011100
01111111110110
01111111111111
01111111110101
01111111010110
01111110011111
01111101001110
01111011100000
01111001010101
01110110101011
01110011100000
01101111110100
01101011100111
01100110110111
01100001100111
01011011110110
01010101100101
01001110110110
01000111101011
01000000000101
00111000001000
00101111110101
00100111010000
00011110011011
00010101011011
00001100010010
00000011000101
11111001110110
11110000101010
11100111100100
11011110100111
11010101110111
11001101011000
11000101001100
10111101010110
10110101111001
10101110110111
10101000010010
10100010001011
10011100100101
10010111100000
10010010111100
10001110111010
10001011011001
10001000011001
10000101111001
10000011111000
10000010010100
10000001001100
10000000011101
10000000000101
10000000000010
10000000010001
10000000101111
10000001011010
10000010001110
10000011001010
10000100001010
10000101001011
10000110001100
10000111001010
10001000000010
10001000110100
10001001011101
10001001111101
10001010010010
10001010011011
10001010011010
10001010001100
10001001110100
10001001010001
10001000100100
10000111110000
10000110110110
10000101110111
10000100110101
10000011110100
10000010110101
10000001111100
10000001001010
10000000100100
10000000001010
10000000000001
10000000001011
10000000101010
10000001100001
10000010110010
10000100100000
10000110101011
10001001010101
10001100100000
10010000001100
10010100011001
10011001001001
10011110011001
10100100001010
10101010011011
10110001001010
10111000010101
10111111111011
11000111111000
11010000001011
11011000110000
11100001100101
11101010100101
11110011101110
11111100111011
00000110001010
00001111010110
00011000011100
00100001011001
00101010001001
00110010101000
00111010110100
01000010101010
01001010000111
01010001001001
01010111101110
01011101110101
01100011011011
01101000100000
01101101000100
01110001000110
01110100100111
01110111100111
01111010000111
01111100001000
01111101101100
01111110110100
01111111100011
01111111111011
01111111111110
01111111101111
01111111010001
01111110100110
01111101110010
01111100110110
01111011110110
01111010110101
01111001110100
01111000110110
01110111111110
01110111001100
01110110100011
01110110000011
01110101101110
01110101100101
01110101100110
01110101110100
01110110001100
01110110101111
01110111011100
01111000010000
01111001001010
01111010001001
01111011001011
01111100001100
01111101001011
01111110000100
01111110110110
01111111011100
01111111110110
01111111111111
01111111110101
01111111010110
01111110011111
01111101001110
01111011100000
01111001010101
01110110101011
01110011100000
01101111110100
01101011100111
01100110110111
01100001100111
01011011110110
01010101100101
01001110110110
01000111101011
01000000000101
00111000001000
00101111110101
00100111010000
00011110011011
00010101011011
00001100010010
00000011000101
11111001110110
11110000101010
11100111100100
11011110100111
11010101110111
11001101011000
11000101001100
10111101010110
10110101111001
10101110110111
10101000010010
10100010001011
10011100100101
10010111100000
10010010111100
10001110111010
10001011011001
10001000011001
10000101111001
10000011111000
10000010010100
10000001001100
10000000011101
10000000000101
10000000000010
10000000010001
10000000101111
10000001011010
10000010001110
10000011001010
10000100001010
10000101001011
10000110001100
10000111001010
10001000000010
10001000110100
10001001011101
10001001111101
10001010010010
10001010011011
10001010011010
10001010001100
10001001110100
10001001010001
10001000100100
10000111110000
10000110110110
10000101110111
10000100110101
10000011110100
10000010110101
10000001111100
10000001001010
10000000100100
10000000001010
10000000000001
10000000001011
10000000101010
10000001100001
10000010110010
10000100100000
10000110101011
10001001010101
10001100100000
10010000001100
10010100011001
10011001001001
10011110011001
10100100001010
10101010011011
10110001001010
10111000010101
10111111111011
11000111111000
11010000001011
11011000110000
11100001100101
11101010100101
11110011101110
11111100111011
00000110001010
00001111010110
00011000011100
00100001011001
00101010001001
00110010101000
00111010110100
01000010101010
01001010000111
01010001001001
01010111101110
01011101110101
01100011011011
01101000100000
01101101000100
01110001000110
01110100100111
01110111100111
01111010000111
01111100001000
01111101101100
01111110110100
01111111100011
01111111111011
01111111111110
01111111101111
01111111010001
01111110100110
01111101110010
01111100110110
01111011110110
01111010110101
01111001110100
01111000110110
01110111111110
01110111001100
01110110100011
01110110000011
01110101101110
01110101100101
01110101100110
01110101110100
01110110001100
01110110101111
01110111011100
01111000010000
01111001001010
01111010001001
01111011001011
01111100001100
01111101001011
01111110000100
01111110110110
01111111011100
01111111110110
01111111111111
01111111110101
01111111010110
01111110011111
01111101001110
01111011100000
01111001010101
01110110101011
01110011100000
01101111110100
01101011100111
01100110110111
01100001100111
01011011110110
01010101100101
01001110110110
01000111101011
01000000000101
00111000001000
00101111110101
00100111010000
00011110011011
00010101011011
00001100010010
00000011000101
11111001110110
11110000101010
11100111100100
11011110100111
11010101110111
11001101011000
11000101001100
10111101010110
10110101111001
10101110110111
10101000010010
10100010001011
10011100100101
10010111100000
10010010111100
10001110111010
10001011011001
10001000011001
10000101111001
10000011111000
10000010010100
10000001001100
10000000011101
10000000000101
10000000000010
10000000010001
10000000101111
10000001011010
10000010001110
10000011001010
10000100001010
10000101001011
10000110001100
10000111001010
10001000000010
10001000110100
10001001011101
10001001111101
10001010010010
10001010011011
10001010011010
10001010001100
10001001110100
10001001010001
10001000100100
10000111110000
10000110110110
10000101110111
10000100110101
10000011110100
10000010110101
10000001111100
10000001001010
10000000100100
10000000001010
10000000000001
10000000001011
10000000101010
10000001100001
10000010110010
10000100100000
10000110101011
10001001010101
10001100100000
10010000001100
10010100011001
10011001001001
10011110011001
10100100001010
10101010011011
10110001001010
10111000010101
10111111111011
11000111111000
11010000001011
11011000110000
11100001100101
11101010100101
11110011101110
11111100111011
00000110001010
00001111010110
00011000011100
00100001011001
00101010001001
00110010101000
00111010110100
01000010101010
01001010000111
01010001001001
01010111101110
01011101110101
01100011011011
01101000100000
01101101000100
01110001000110
01110100100111
01110111100111
01111010000111
01111100001000
01111101101100
01111110110100
01111111100011
01111111111011
01111111111110
01111111101111
01111111010001
01111110100110
01111101110010
01111100110110
01111011110110
01111010110101
01111001110100
01111000110110
01110111111110
01110111001100
01110110100011
01110110000011
01110101101110
01110101100101
01110101100110
01110101110100
01110110001100
01110110101111
01110111011100
01111000010000
01111001001010
01111010001001
01111011001011
01111100001100
01111101001011
01111110000100
01111110110110
01111111011100
01111111110110
01111111111111
01111111110101
01111111010110
01111110011111
01111101001110
01111011100000
01111001010101
01110110101011
01110011100000
01101111110100
01101011100111
01100110110111
01100001100111
01011011110110
01010101100101
01001110110110
01000111101011
01000000000101
00111000001000
00101111110101
00100111010000
00011110011011
00010101011011
00001100010010
00000011000101
11111001110110
11110000101010
11100111100100
11011110100111
11010101110111
11001101011000
11000101001100
10111101010110
10110101111001
10101110110111
10101000010010
10100010001011
10011100100101
10010111100000
10010010111100
10001110111010
10001011011001
10001000011001
10000101111001
10000011111000
10000010010100
10000001001100
10000000011101
10000000000101
10000000000010
10000000010001
10000000101111
10000001011010
10000010001110
10000011001010
10000100001010
10000101001011
10000110001100
10000111001010
10001000000010
10001000110100
10001001011101
10001001111101
10001010010010
10001010011011
10001010011010
10001010001100
10001001110100
10001001010001
10001000100100
10000111110000
10000110110110
10000101110111
10000100110101
10000011110100
10000010110101
10000001111100
10000001001010
10000000100100
10000000001010
10000000000001
10000000001011
10000000101010
10000001100001
10000010110010
10000100100000
10000110101011
10001001010101
10001100100000
10010000001100
10010100011001
10011001001001
10011110011001
10100100001010
10101010011011
10110001001010
10111000010101
10111111111011
11000111111000
11010000001011
11011000110000
11100001100101
11101010100101
11110011101110
11111100111011
00000110001010
00001111010110
00011000011100
00100001011001
00101010001001
00110010101000
00111010110100
01000010101010
01001010000111
01010001001001
01010111101110
01011101110101
01100011011011
01101000100000
01101101000100
01110001000110
01110100100111
01110111100111
01111010000111
01111100001000
01111101101100
01111110110100
01111111100011
01111111111011
01111111111110
01111111101111
01111111010001
01111110100110
01111101110010
01111100110110
01111011110110
01111010110101
01111001110100
01111000110110
01110111111110
01110111001100
01110110100011
01110110000011
01110101101110
01110101100101
01110101100110
01110101110100
01110110001100
01110110101111
01110111011100
01111000010000
01111001001010
01111010001001
01111011001011
01111100001100
01111101001011
01111110000100
01111110110110
01111111011100
01111111110110
01111111111111
01111111110101
01111111010110
01111110011111
01111101001110
01111011100000
01111001010101
01110110101011
01110011100000
01101111110100
01101011100111
01100110110111
01100001100111
01011011110110
01010101100101
01001110110110
01000111101011
01000000000101
00111000001000
00101111110101
00100111010000
00011110011011
00010101011011
00001100010010
00000011000101
11111001110110
11110000101010
11100111100100
11011110100111
11010101110111
11001101011000
11000101001100
10111101010110
10110101111001
10101110110111
10101000010010
10100010001011
10011100100101
10010111100000
10010010111100
10001110111010
10001011011001
10001000011001
10000101111001
10000011111000
10000010010100
10000001001100
10000000011101
10000000000101
10000000000010
10000000010001
10000000101111
10000001011010
10000010001110
10000011001010
10000100001010
10000101001011
10000110001100
10000111001010
10001000000010
10001000110100
10001001011101
10001001111101
10001010010010
10001010011011
10001010011010
10001010001100
10001001110100
10001001010001
10001000100100
10000111110000
10000110110110
10000101110111
10000100110101
10000011110100
10000010110101
10000001111100
10000001001010
10000000100100
10000000001010
10000000000001
10000000001011
10000000101010
10000001100001
10000010110010
10000100100000
10000110101011
10001001010101
10001100100000
10010000001100
10010100011001
10011001001001
10011110011001
10100100001010
10101010011011
10110001001010
10111000010101
10111111111011
11000111111000
11010000001011
11011000110000
11100001100101
11101010100101
11110011101110
11111100111011
00000110001010
00001111010110
00011000011100
00100001011001
00101010001001
00110010101000
00111010110100
01000010101010
01001010000111
01010001001001
01010111101110
01011101110101
01100011011011
01101000100000
01101101000100
01110001000110
01110100100111
01110111100111
01111010000111
01111100001000
01111101101100
01111110110100
01111111100011
01111111111011
01111111111110
01111111101111
01111111010001
01111110100110
01111101110010
01111100110110
01111011110110
01111010110101
01111001110100
01111000110110
01110111111110
01110111001100
01110110100011
01110110000011
01110101101110
01110101100101
01110101100110
01110101110100
01110110001100
01110110101111
01110111011100
01111000010000
01111001001010
01111010001001
01111011001011
01111100001100
01111101001011
01111110000100
01111110110110
01111111011100
01111111110110
01111111111111
01111111110101
01111111010110
01111110011111
01111101001110
01111011100000
01111001010101
01110110101011
01110011100000
01101111110100
01101011100111
01100110110111
01100001100111
01011011110110
01010101100101
01001110110110
01000111101011
01000000000101
00111000001000
00101111110101
00100111010000
00011110011011
00010101011011
00001100010010
00000011000101
11111001110110
11110000101010
11100111100100
11011110100111
11010101110111
11001101011000
11000101001100
10111101010110
10110101111001
10101110110111
10101000010010
10100010001011
10011100100101
10010111100000
10010010111100
10001110111010
10001011011001
10001000011001
10000101111001
10000011111000
10000010010100
10000001001100
10000000011101
10000000000101
10000000000010
10000000010001
10000000101111
10000001011010
10000010001110
10000011001010
10000100001010
10000101001011
10000110001100
10000111001010
10001000000010
10001000110100
10001001011101
10001001111101
10001010010010
10001010011011
10001010011010
10001010001100
10001001110100
10001001010001
10001000100100
10000111110000
10000110110110
10000101110111
10000100110101
10000011110100
10000010110101
10000001111100
10000001001010
10000000100100
10000000001010
10000000000001
10000000001011
10000000101010
10000001100001
10000010110010
10000100100000
10000110101011
10001001010101
10001100100000
10010000001100
10010100011001
10011001001001
10011110011001
10100100001010
10101010011011
10110001001010
10111000010101
10111111111011
11000111111000
11010000001011
11011000110000
11100001100101
11101010100101
11110011101110
11111100111011
00000110001010
00001111010110
00011000011100
00100001011001
00101010001001
00110010101000
00111010110100
01000010101010
01001010000111
01010001001001
01010111101110
01011101110101
01100011011011
01101000100000
01101101000100
01110001000110
01110100100111
01110111100111
01111010000111
01111100001000
01111101101100
01111110110100
01111111100011
01111111111011
01111111111110
01111111101111
01111111010001
01111110100110
01111101110010
01111100110110
01111011110110
01111010110101
01111001110100
01111000110110
01110111111110
01110111001100
01110110100011
01110110000011
01110101101110
01110101100101
01110101100110
01110101110100
01110110001100
01110110101111
01110111011100
01111000010000
01111001001010
01111010001001
01111011001011
01111100001100
01111101001011
01111110000100
01111110110110
01111111011100
01111111110110
01111111111111
01111111110101
01111111010110
01111110011111
01111101001110
01111011100000
01111001010101
01110110101011
01110011100000
01101111110100
01101011100111
01100110110111
01100001100111
01011011110110
01010101100101
01001110110110
01000111101011
01000000000101
00111000001000
00101111110101
00100111010000
00011110011011
00010101011011
00001100010010
00000011000101
11111001110110
11110000101010
11100111100100
11011110100111
11010101110111
11001101011000
11000101001100
10111101010110
10110101111001
10101110110111
10101000010010
10100010001011
10011100100101
10010111100000
10010010111100
10001110111010
10001011011001
10001000011001
10000101111001
10000011111000
10000010010100
10000001001100
10000000011101
10000000000101
10000000000010
10000000010001
10000000101111
10000001011010
10000010001110
10000011001010
10000100001010
10000101001011
10000110001100
10000111001010
10001000000010
10001000110100
10001001011101
10001001111101
10001010010010
10001010011011
10001010011010
10001010001100
10001001110100
10001001010001
10001000100100
10000111110000
10000110110110
10000101110111
10000100110101
10000011110100
10000010110101
10000001111100
10000001001010
10000000100100
10000000001010
10000000000001
10000000001011
10000000101010
10000001100001
10000010110010
10000100100000
10000110101011
10001001010101
10001100100000
10010000001100
10010100011001
10011001001001
10011110011001
10100100001010
10101010011011
10110001001010
10111000010101
10111111111011
11000111111000
11010000001011
11011000110000
11100001100101
11101010100101
11110011101110
11111100111011
00000110001010
00001111010110
00011000011100
00100001011001
00101010001001
00110010101000
00111010110100
01000010101010
01001010000111
01010001001001
01010111101110
01011101110101
01100011011011
01101000100000
01101101000100
01110001000110
01110100100111
01110111100111
01111010000111
01111100001000
01111101101100
01111110110100
01111111100011
01111111111011
01111111111110
01111111101111
01111111010001
01111110100110
01111101110010
01111100110110
01111011110110
01111010110101
01111001110100
01111000110110
01110111111110
01110111001100
01110110100011
01110110000011
01110101101110
01110101100101
01110101100110
01110101110100
01110110001100
01110110101111
01110111011100
01111000010000
01111001001010
01111010001001
01111011001011
01111100001100
01111101001011
01111110000100
01111110110110
01111111011100
01111111110110
01111111111111
01111111110101
01111111010110
01111110011111
01111101001110
01111011100000
01111001010101
01110110101011
01110011100000
01101111110100
01101011100111
01100110110111
01100001100111
01011011110110
01010101100101
01001110110110
01000111101011
01000000000101
00111000001000
00101111110101
00100111010000
00011110011011
00010101011011
00001100010010
00000011000101
11111001110110
11110000101010
11100111100100
11011110100111
11010101110111
11001101011000
11000101001100
10111101010110
10110101111001
10101110110111
10101000010010
10100010001011
10011100100101
10010111100000
10010010111100
10001110111010
10001011011001
10001000011001
10000101111001
10000011111000
10000010010100
10000001001100
10000000011101
10000000000101
10000000000010
10000000010001
10000000101111
10000001011010
10000010001110
10000011001010
10000100001010
10000101001011
10000110001100
10000111001010
10001000000010
10001000110100
10001001011101
10001001111101
10001010010010
10001010011011
10001010011010
10001010001100
10001001110100
10001001010001
10001000100100
10000111110000
10000110110110
10000101110111
10000100110101
10000011110100
10000010110101
10000001111100
10000001001010
10000000100100
10000000001010
10000000000001
10000000001011
10000000101010
10000001100001
10000010110010
10000100100000
10000110101011
10001001010101
10001100100000
10010000001100
10010100011001
10011001001001
10011110011001
10100100001010
10101010011011
10110001001010
10111000010101
10111111111011
11000111111000
11010000001011
11011000110000
11100001100101
11101010100101
11110011101110
11111100111011
00000110001010
00001111010110
00011000011100
00100001011001
00101010001001
00110010101000
00111010110100
01000010101010
01001010000111
01010001001001
01010111101110
01011101110101
01100011011011
01101000100000
01101101000100
01110001000110
01110100100111
01110111100111
01111010000111
01111100001000
01111101101100
01111110110100
01111111100011
01111111111011
01111111111110
01111111101111
01111111010001
01111110100110
01111101110010
01111100110110
01111011110110
01111010110101
01111001110100
01111000110110
01110111111110
01110111001100
01110110100011
01110110000011
01110101101110
01110101100101
01110101100110
01110101110100
01110110001100
01110110101111
01110111011100
01111000010000
01111001001010
01111010001001
01111011001011
01111100001100
01111101001011
01111110000100
01111110110110
01111111011100
01111111110110
01111111111111
01111111110101
01111111010110
01111110011111
01111101001110
01111011100000
01111001010101
01110110101011
01110011100000
01101111110100
01101011100111
01100110110111
01100001100111
01011011110110
01010101100101
01001110110110
01000111101011
01000000000101
00111000001000
00101111110101
00100111010000
00011110011011
00010101011011
00001100010010
00000011000101
11111001110110
11110000101010
11100111100100
11011110100111
11010101110111
11001101011000
11000101001100
10111101010110
10110101111001
10101110110111
10101000010010
10100010001011
10011100100101
10010111100000
10010010111100
10001110111010
10001011011001
10001000011001
10000101111001
10000011111000
10000010010100
10000001001100
10000000011101
10000000000101
10000000000010
10000000010001
10000000101111
10000001011010
10000010001110
10000011001010
10000100001010
10000101001011
10000110001100
10000111001010
10001000000010
10001000110100
10001001011101
10001001111101
10001010010010
10001010011011
10001010011010
10001010001100
10001001110100
10001001010001
10001000100100
10000111110000
10000110110110
10000101110111
10000100110101
10000011110100
10000010110101
10000001111100
10000001001010
10000000100100
10000000001010
10000000000001
10000000001011
10000000101010
10000001100001
10000010110010
10000100100000
10000110101011
10001001010101
10001100100000
10010000001100
10010100011001
10011001001001
10011110011001
10100100001010
10101010011011
10110001001010
10111000010101
10111111111011
11000111111000
11010000001011
11011000110000
11100001100101
11101010100101
11110011101110
11111100111011
00000110001010
00001111010110
00011000011100
00100001011001
00101010001001
00110010101000
00111010110100
01000010101010
01001010000111
01010001001001
01010111101110
01011101110101
01100011011011
01101000100000
01101101000100
01110001000110
01110100100111
01110111100111
01111010000111
01111100001000
01111101101100
01111110110100
01111111100011
01111111111011
01111111111110
01111111101111
01111111010001
01111110100110
01111101110010
01111100110110
01111011110110
01111010110101
01111001110100
01111000110110
01110111111110
01110111001100
01110110100011
01110110000011
01110101101110
01110101100101
01110101100110
01110101110100
01110110001100
01110110101111
01110111011100
01111000010000
01111001001010
01111010001001
01111011001011
01111100001100
01111101001011
01111110000100
01111110110110
01111111011100
01111111110110
01111111111111
01111111110101
01111111010110
01111110011111
01111101001110
01111011100000
01111001010101
01110110101011
01110011100000
01101111110100
01101011100111
01100110110111
01100001100111
01011011110110
01010101100101
01001110110110
01000111101011
01000000000101
00111000001000
00101111110101
00100111010000
00011110011011
00010101011011
00001100010010
00000011000101
11111001110110
11110000101010
11100111100100
11011110100111
11010101110111
11001101011000
11000101001100
10111101010110
10110101111001
10101110110111
10101000010010
10100010001011
10011100100101
10010111100000
10010010111100
10001110111010
10001011011001
10001000011001
10000101111001
10000011111000
10000010010100
10000001001100
10000000011101
10000000000101
10000000000010
10000000010001
10000000101111
10000001011010
10000010001110
10000011001010
10000100001010
10000101001011
10000110001100
10000111001010
10001000000010
10001000110100
10001001011101
10001001111101
10001010010010
10001010011011
10001010011010
10001010001100
10001001110100
10001001010001
10001000100100
10000111110000
10000110110110
10000101110111
10000100110101
10000011110100
10000010110101
10000001111100
10000001001010
10000000100100
10000000001010
10000000000001
10000000001011
10000000101010
10000001100001
10000010110010
10000100100000
10000110101011
10001001010101
10001100100000
10010000001100
10010100011001
10011001001001
10011110011001
10100100001010
10101010011011
10110001001010
10111000010101
10111111111011
11000111111000
11010000001011
11011000110000
11100001100101
11101010100101
11110011101110
11111100111011
00000110001010
00001111010110
00011000011100
00100001011001
00101010001001
00110010101000
00111010110100
01000010101010
01001010000111
01010001001001
01010111101110
01011101110101
01100011011011
01101000100000
01101101000100
01110001000110
01110100100111
01110111100111
01111010000111
01111100001000
01111101101100
01111110110100
01111111100011
01111111111011
01111111111110
01111111101111
01111111010001
01111110100110
01111101110010
01111100110110
01111011110110
01111010110101
01111001110100
01111000110110
01110111111110
01110111001100
01110110100011
01110110000011
01110101101110
01110101100101
01110101100110
01110101110100
01110110001100
01110110101111
01110111011100
01111000010000
01111001001010
01111010001001
01111011001011
01111100001100
01111101001011
01111110000100
01111110110110
01111111011100
01111111110110
01111111111111
01111111110101
01111111010110
01111110011111
01111101001110
01111011100000
01111001010101
01110110101011
01110011100000
01101111110100
01101011100111
01100110110111
01100001100111
01011011110110
01010101100101
01001110110110
01000111101011
01000000000101
00111000001000
00101111110101
00100111010000
00011110011011
00010101011011
00001100010010
00000011000101
11111001110110
11110000101010
11100111100100
11011110100111
11010101110111
11001101011000
11000101001100
10111101010110
10110101111001
10101110110111
10101000010010
10100010001011
10011100100101
10010111100000
10010010111100
10001110111010
10001011011001
10001000011001
10000101111001
10000011111000
10000010010100
10000001001100
10000000011101
10000000000101
10000000000010
10000000010001
10000000101111
10000001011010
10000010001110
10000011001010
10000100001010
10000101001011
10000110001100
10000111001010
10001000000010
10001000110100
10001001011101
10001001111101
10001010010010
10001010011011
10001010011010
10001010001100
10001001110100
10001001010001
10001000100100
10000111110000
10000110110110
10000101110111
10000100110101
10000011110100
10000010110101
10000001111100
10000001001010
10000000100100
10000000001010
10000000000001
10000000001011
10000000101010
10000001100001
10000010110010
10000100100000
10000110101011
10001001010101
10001100100000
10010000001100
10010100011001
10011001001001
10011110011001
10100100001010
10101010011011
10110001001010
10111000010101
10111111111011
11000111111000
11010000001011
11011000110000
11100001100101
11101010100101
11110011101110
11111100111011
00000110001010
00001111010110
00011000011100
00100001011001
00101010001001
00110010101000
00111010110100
01000010101010
01001010000111
01010001001001
01010111101110
01011101110101
01100011011011
01101000100000
01101101000100
01110001000110
01110100100111
01110111100111
01111010000111
01111100001000
01111101101100
01111110110100
01111111100011
01111111111011
01111111111110
01111111101111
01111111010001
01111110100110
01111101110010
01111100110110
01111011110110
01111010110101
01111001110100
01111000110110
01110111111110
01110111001100
01110110100011
01110110000011
01110101101110
01110101100101
01110101100110
01110101110100
01110110001100
01110110101111
01110111011100
01111000010000
01111001001010
01111010001001
01111011001011
01111100001100
01111101001011
01111110000100
01111110110110
01111111011100
01111111110110
01111111111111
01111111110101
01111111010110
01111110011111
01111101001110
01111011100000
01111001010101
01110110101011
01110011100000
01101111110100
01101011100111
01100110110111
01100001100111
01011011110110
01010101100101
01001110110110
01000111101011
01000000000101
00111000001000
00101111110101
00100111010000
00011110011011
00010101011011
00001100010010
00000011000101
11111001110110
11110000101010
11100111100100
11011110100111
11010101110111
11001101011000
11000101001100
10111101010110
10110101111001
10101110110111
10101000010010
10100010001011
10011100100101
10010111100000
10010010111100
10001110111010
10001011011001
10001000011001
10000101111001
10000011111000
10000010010100
10000001001100
10000000011101
10000000000101
10000000000010
10000000010001
10000000101111
10000001011010
10000010001110
10000011001010
10000100001010
10000101001011
10000110001100
10000111001010
10001000000010
10001000110100
10001001011101
10001001111101
10001010010010
10001010011011
10001010011010
10001010001100
10001001110100
10001001010001
10001000100100
10000111110000
10000110110110
10000101110111
10000100110101
10000011110100
10000010110101
10000001111100
10000001001010
10000000100100
10000000001010
10000000000001
10000000001011
10000000101010
10000001100001
10000010110010
10000100100000
10000110101011
10001001010101
10001100100000
10010000001100
10010100011001
10011001001001
10011110011001
10100100001010
10101010011011
10110001001010
10111000010101
10111111111011
11000111111000
11010000001011
11011000110000
11100001100101
11101010100101
11110011101110
11111100111011
00000110001010
00001111010110
00011000011100
00100001011001
00101010001001
00110010101000
00111010110100
01000010101010
01001010000111
01010001001001
01010111101110
01011101110101
01100011011011
01101000100000
01101101000100
01110001000110
01110100100111
01110111100111
01111010000111
01111100001000
01111101101100
01111110110100
01111111100011
01111111111011
01111111111110
01111111101111
01111111010001
01111110100110
01111101110010
01111100110110
01111011110110
01111010110101
01111001110100
01111000110110
01110111111110
01110111001100
01110110100011
01110110000011
01110101101110
01110101100101
01110101100110
01110101110100
01110110001100
01110110101111
01110111011100
01111000010000
01111001001010
01111010001001
01111011001011
01111100001100
01111101001011
01111110000100
01111110110110
01111111011100
01111111110110
01111111111111
01111111110101
01111111010110
01111110011111
01111101001110
01111011100000
01111001010101
01110110101011
01110011100000
01101111110100
01101011100111
01100110110111
01100001100111
01011011110110
01010101100101
01001110110110
01000111101011
01000000000101
00111000001000
00101111110101
00100111010000
00011110011011
00010101011011
00001100010010
00000011000101
11111001110110
11110000101010
11100111100100
11011110100111
11010101110111
11001101011000
11000101001100
10111101010110
10110101111001
10101110110111
10101000010010
10100010001011
10011100100101
10010111100000
10010010111100
10001110111010
10001011011001
10001000011001
10000101111001
10000011111000
10000010010100
10000001001100
10000000011101
10000000000101
10000000000010
10000000010001
10000000101111
10000001011010
10000010001110
10000011001010
10000100001010
10000101001011
10000110001100
10000111001010
10001000000010
10001000110100
10001001011101
10001001111101
10001010010010
10001010011011
10001010011010
10001010001100
10001001110100
10001001010001
10001000100100
10000111110000
10000110110110
10000101110111
10000100110101
10000011110100
10000010110101
10000001111100
10000001001010
10000000100100
10000000001010
10000000000001
10000000001011
10000000101010
10000001100001
10000010110010
10000100100000
10000110101011
10001001010101
10001100100000
10010000001100
10010100011001
10011001001001
10011110011001
10100100001010
10101010011011
10110001001010
10111000010101
10111111111011
11000111111000
11010000001011
11011000110000
11100001100101
11101010100101
11110011101110
11111100111011
00000110001010
00001111010110
00011000011100
00100001011001
00101010001001
00110010101000
00111010110100
01000010101010
01001010000111
01010001001001
01010111101110
01011101110101
01100011011011
01101000100000
01101101000100
01110001000110
01110100100111
01110111100111
01111010000111
01111100001000
01111101101100
01111110110100
01111111100011
01111111111011
01111111111110
01111111101111
01111111010001
01111110100110
01111101110010
01111100110110
01111011110110
01111010110101
01111001110100
01111000110110
01110111111110
01110111001100
01110110100011
01110110000011
01110101101110
01110101100101
01110101100110
01110101110100
01110110001100
01110110101111
01110111011100
01111000010000
01111001001010
01111010001001
01111011001011
01111100001100
01111101001011
01111110000100
01111110110110
01111111011100
01111111110110
01111111111111
01111111110101
01111111010110
01111110011111
01111101001110
01111011100000
01111001010101
01110110101011
01110011100000
01101111110100
01101011100111
01100110110111
01100001100111
01011011110110
01010101100101
01001110110110
01000111101011
01000000000101
00111000001000
00101111110101
00100111010000
00011110011011
00010101011011
00001100010010
00000011000101
11111001110110
11110000101010
11100111100100
11011110100111
11010101110111
11001101011000
11000101001100
10111101010110
10110101111001
10101110110111
10101000010010
10100010001011
10011100100101
10010111100000
10010010111100
10001110111010
10001011011001
10001000011001
10000101111001
10000011111000
10000010010100
10000001001100
10000000011101
10000000000101
10000000000010
10000000010001
10000000101111
10000001011010
10000010001110
10000011001010
10000100001010
10000101001011
10000110001100
10000111001010
10001000000010
10001000110100
10001001011101
10001001111101
10001010010010
10001010011011
10001010011010
10001010001100
10001001110100
10001001010001
10001000100100
10000111110000
10000110110110
10000101110111
10000100110101
10000011110100
10000010110101
10000001111100
10000001001010
10000000100100
10000000001010
10000000000001
10000000001011
10000000101010
10000001100001
10000010110010
10000100100000
10000110101011
10001001010101
10001100100000
10010000001100
10010100011001
