10001011000011
10000111000101
10000011111110
10000001110001
10000000011101
10000000000001
10000000011010
10000001100101
10000011011001
10000101110010
10001000100111
10001011101111
10001111000011
10010010011011
10010101101111
10011000111001
10011011110100
10011110011011
10100000101101
10100010101000
10100100001110
10100101011111
10100110100001
10100111010111
10101000000111
10101000110110
10101001101011
10101010101101
10101100000000
10101101101001
10101111101101
10110010001111
10110101010000
10111000110000
10111100101110
11000001001000
11000101111010
11001011000000
11010000010011
11010101101110
11011011001011
11100000100011
11100101110001
11101010110000
11101111011100
11110011110001
11110111101111
11111011010100
11111110100011
00000001011110
00000100001000
00000110100111
00001000111111
00001011011001
00001101111001
00010000100111
00010011101001
00010111000011
00011010111010
00011111010010
00100100001011
00101001100101
00101111100000
00110101110111
00111100100110
01000011100111
01001010110010
01010001111110
01011001000100
01011111111010
01100110010110
01101100010010
01110001100100
01110110001000
01111001110111
01111100101110
01111110101100
01111111110000
01111111111101
01111111010110
01111101111111
01111100000000
01111001011111
01110110100100
01110011011000
01110000000010
01101100101011
01101001011001
01100110010010
01100011011101
01100000111011
01011110101111
01011100111010
01011011011010
01011010001101
01011001001111
01011000011100
01010111101101
01010110111100
01010110000100
01010100111111
01010011100110
01010001110110
01001111101010
01001101000000
01001001110110
01000110001110
01000010001000
00111101100111
00111000101111
00110011100101
00101110001111
00101000110011
00100011010111
00011110000000
00011000110110
00010011111100
00001111010110
00001011000111
00000111010000
00000011110001
00000000101000
11111101110010
11111011001100
11111000101111
11110110010111
11110011111100
11110001011001
11101110100110
11101011011111
11100111111101
11100011111101
11011111011100
11011010011010
11010100110110
11001110110011
11001000010101
11000001100001
10111010011101
10110011010000
10101100000101
10100101000011
10011110010011
10010111111111
10010010001101
10001101000111
10001000110010
10000101010010
10000010101010
10000000111100
10000000000111
10000000001001
10000000111101
10000010011111
10000100101001
10000111010010
10001010010010
10001101100010
10010000111001
10010100001111
10010111011111
10011010100001
10011101010001
10011111101101
10100001110011
10100011100010
10100100111100
10100110000101
10100111000000
10100111110001
10101000100000
10101001010010
10101010001101
10101011010111
10101100110110
10101110101110
10110001000010
10110011110100
10110111000110
10111010110111
10111111000101
11000011101100
11001000101010
11001101110111
11010011010000
11011000101101
11011110001000
11100011011011
11101000100001
11101101010110
11110001110110
11110101111111
11111001101111
11111101001000
00000000001011
00000010111100
00000101100000
00000111111010
00001010010011
00001100101111
00001111010110
00010010001110
00010101011100
00011001000110
00011101001111
00100001111000
00100111000100
00101100110000
00110010111011
00111001100000
01000000011001
01000111100000
01001110101101
01010101110111
01011100110101
01100011011110
01101001101010
01101111010000
01110100001010
01111000010001
01111011100010
01111101111010
01111111011000
01111111111110
01111111101110
01111110101100
01111100111111
01111010101100
01110111111100
01110100110110
01110001100100
01101110001100
01101010110111
01100111101011
01100100101101
01100010000010
01011111101100
01011101101101
01011100000011
01011010101110
01011001101010
01011000110010
01011000000010
01010111010011
01010110011111
01010101100000
01010100010001
01010010101100
01010000101101
01001110010001
01001011010110
01000111111011
01000100000010
00111111101101
00111010111111
00110101111101
00110000101011
00101011010001
00100101110100
00100000011011
00011011001010
00010110001000
00010001011001
00001100111111
00001000111101
00000101010100
00000010000001
11111111000011
11111100010110
11111001110110
11110111011100
11110101000011
11110010100101
11101111111010
11101100111100
11101001100111
11100101110101
11100001100100
11011100110001
11010111011100
11010001100111
11001011010101
11000100101001
10111101101100
10110110100010
10101111010101
10101000001110
10100001010100
10011010110010
10010100110000
10001111010110
10001010101001
10000110110001
10000011101111
10000001100111
10000000011000
10000000000001
10000000011111
10000001101110
10000011100110
10000110000001
10001000111000
10001100000010
10001111010111
10010010101110
10010110000010
10011001001011
10011100000100
10011110101001
10100000111001
10100010110010
10100100010110
10100101100110
10100110100110
10100111011011
10101000001011
10101000111011
10101001110001
10101010110011
10101100001000
10101101110100
10101111111011
10110010011111
10110101100011
10111001000110
10111101000111
11000001100011
11000110010111
11001011011110
11010000110010
11010110001110
11011011101010
11100001000010
11100110001111
11101011001100
11101111110110
11110100001001
11111000000101
11111011101000
11111110110101
00000001101110
00000100010111
00000110110101
00001001001101
00001011100111
00001110001000
00010000111000
00010011111011
00010111011000
00011011010010
00011111101101
00100100101001
00101010000111
00110000000100
00110110011110
00111101001111
01000100010000
01001011011100
01010010101000
01011001101101
01100000100000
01100110111010
01101100110010
01110010000001
01110110100000
01111010001010
01111100111100
01111110110100
01111111110100
01111111111100
01111111010000
01111101110101
01111011110011
01111001001111
01110110010010
01110011000101
01101111101110
01101100010111
01101001000110
01100110000001
01100011001101
01100000101101
01011110100100
01011100110001
01011011010011
01011010000111
01011001001010
01011000010111
01010111101000
01010110110111
01010101111111
01010100110111
01010011011101
01010001101010
01001111011100
01001100101111
01001001100011
01000101110111
01000001101110
00111101001011
00111000010001
00110011000110
00101101101111
00101000010011
00100010110111
00011101100010
00011000011001
00010011100000
00001110111101
00001010110000
00000110111011
00000011011110
00000000010111
11111101100011
11111010111101
11111000100001
11110110001001
11110011101110
11110001001001
11101110010101
11101011001011
11100111100111
11100011100100
11011111000000
11011001111011
11010100010100
11001110001111
11000111101110
11000000111000
10111001110011
10110010100111
10101011011011
10100100011011
10011101101101
10010111011011
10010001101110
10001100101100
10001000011011
10000101000000
10000010011110
10000000110101
10000000000101
10000000001011
10000001000100
10000010101010
10000100110111
10000111100010
10001010100100
10001101110101
10010001001100
10010100100011
10010111110001
10011010110010
10011101100001
10011111111010
10100001111110
10100011101011
10100101000100
10100110001011
10100111000100
10100111110110
10101000100101
10101001010111
10101010010011
10101011011111
10101101000000
10101110111010
10110001010000
10110100000110
10110111011011
10111011001110
10111111011111
11000100001000
11001001000111
11001110010110
11010011101111
11011001001100
11011110100111
11100011111001
11101000111110
11101101110001
11110010001111
11110110010101
11111010000100
11111101011011
00000000011100
00000011001100
00000101101110
00001000001000
00001010100001
00001100111110
00001111100110
00010010100000
00010101110000
00011001011101
00011101101000
00100010010101
00100111100100
00101101010011
00110011100000
00111010000111
01000001000010
01001000001010
01001111010111
01010110100000
01011101011101
01100100000100
01101010001100
01101111101110
01110100100100
01111000100110
01111011110010
01111110000101
01111111011110
01111111111111
01111111101010
01111110100100
01111100110011
01111010011101
01110111101011
01110100100100
01110001010000
01101101111001
01101010100100
01100111011001
01100100011101
01100001110011
01011111100000
01011101100010
01011011111011
01011010100111
01011001100100
01011000101110
01010111111110
01010111001110
01010110011010
01010101011010
01010100001001
01010010100010
01010000100000
01001110000001
01001011000011
01000111100110
01000011101010
00111111010011
00111010100010
00110101011111
00110000001100
00101010110010
00100101010101
00011111111100
00011010101101
00010101101100
00010000111111
00001100100111
00001000100111
00000100111111
00000001101111
11111110110010
11111100000111
11111001101000
11110111001110
11110100110101
11110010010110
11101111101001
11101100101010
11101001010010
11100101011110
11100001001001
11011100010011
11010110111011
11010001000100
11001010101111
11000100000010
10111101000010
10110101111000
10101110101011
10100111100101
10100000101101
10011010001110
10010100001111
10001110111000
10001010010001
10000110011101
10000011100000
10000001011101
10000000010100
10000000000010
10000000100101
10000001110111
10000011110011
10000110010001
10001001001010
10001100010101
10001111101010
10010011000010
10010110010101
10011001011100
10011100010100
10011110110111
10100001000101
10100010111100
10100100011110
10100101101100
10100110101100
10100111100000
10101000001111
10101000111111
10101001110110
10101010111010
10101100010001
10101101111111
10110000001000
10110010101111
10110101110110
10111001011100
10111101011111
11000001111110
11000110110100
11001011111101
11010001010010
11010110101110
11011100001010
11100001100001
11100110101101
11101011101000
11110000010000
11110100100001
11111000011010
11111011111100
11111111000111
00000001111110
00000100100101
00000111000011
00001001011011
00001011110101
00001110011000
00010001001001
00010100001110
00010111101110
00011011101011
00100000001000
00100101000111
00101010101000
00110000101000
00110111000100
00111101110111
01000100111010
01001100000110
01010011010010
01011010010101
01100001000111
01100111011110
01101101010011
01110010011101
01110110110111
01111010011100
01111101001001
01111110111101
01111111110111
01111111111010
01111111001010
01111101101011
01111011100101
01111000111111
01110110000000
01110010110001
01101111011011
01101100000100
01101000110100
01100101110000
01100010111110
01100000100000
01011110011000
01011100100111
01011011001011
01011010000001
01011001000101
01011000010011
01010111100100
01010110110011
01010101111001
01010100110000
01010011010100
01010001011110
01001111001101
01001100011101
01001001001110
01000101100000
01000001010101
00111100101111
00110111110100
00110010100111
00101101010000
00100111110011
00100010011000
00011101000011
00010111111100
00010011000101
00001110100011
00001010011001
00000110100110
00000011001011
00000000000110
11111101010011
11111010101111
11111000010100
11110101111011
11110011100000
11110000111010
11101110000100
11101010111000
11100111010001
11100011001011
11011110100100
11011001011100
11010011110010
11001101101010
11000111000111
11000000001111
10111001001001
10110001111101
10101010110010
10100011110011
10011101000111
10010110111001
10010001001111
10001100010001
10001000000101
10000100101111
10000010010010
10000000101110
10000000000011
10000000001110
10000001001100
10000010110110
10000101000101
10000111110011
10001010110111
10001110001001
10010001100000
10010100110110
10011000000011
10011011000010
10011101101111
10100000000111
10100010001001
10100011110100
10100101001011
10100110010000
10100111001001
10100111111010
10101000101001
10101001011100
10101010011001
10101011100111
10101101001010
10101111000110
10110001100000
10110100011000
10110111110000
10111011100110
10111111111001
11000100100101
11001001100101
11001110110101
11010100001111
11011001101100
11011111000110
11100100010111
11101001011011
11101110001100
11110010101000
11110110101100
11111010011000
11111101101101
00000000101101
00000011011011
00000101111100
00001000010110
00001010101111
00001101001100
00001111110110
00010010110010
00010110000101
00011001110100
00011110000010
00100010110010
00101000000100
00101101110110
00110100000110
00111010101111
01000001101011
01001000110100
01010000000001
01010111001001
01011110000100
01100100101001
01101010101110
01110000001101
01110100111101
01111000111011
01111100000010
01111110001111
01111111100011
01111111111111
01111111100110
01111110011011
01111100100111
01111010001110
01110111011001
01110100010001
01110000111101
01101101100101
01101010010001
01100111000111
01100100001100
01100001100101
01011111010011
01011101011000
01011011110010
01011010100001
01011001011111
01011000101001
01010111111001
01010111001010
01010110010101
01010101010011
01010100000000
01010010010111
01010000010011
01001101110001
01001010110000
01000111010000
01000011010010
00111110111000
00111010000110
00110101000000
00101111101101
00101010010010
00100100110101
00011111011101
00011010001111
00010101010000
00010000100100
00001100001111
00001000010001
00000100101100
00000001011101
11111110100010
11111011111000
11111001011001
11110111000001
11110100100111
11110010000111
11101111011001
11101100010111
11101000111101
11100101000110
11100000101110
11011011110101
11010110011011
11010000100000
11001010001001
11000011011010
10111100011001
10110101001110
10101110000010
10100110111100
10100000000110
10011001101010
10010011101110
10001110011100
10001001111000
10000110001001
10000011010010
10000001010100
10000000010000
10000000000011
10000000101010
10000010000001
10000100000000
10000110100001
10001001011100
10001100101000
10001111111110
10010011010101
10010110100111
10011001101110
10011100100011
10011111000101
10100001010001
10100011000110
10100100100110
10100101110011
10100110110001
10100111100100
10101000010011
10101001000100
10101001111100
10101011000001
10101100011010
10101110001010
10110000010110
10110011000000
10110110001010
10111001110010
10111101111000
11000010011001
11000111010001
11001100011011
11010001110001
11010111001101
11011100101001
11100010000000
11100111001010
11101100000100
11110000101010
11110100111001
11111000110000
11111100001111
11111111011000
00000010001110
00000100110100
00000111010001
00001001101001
00001100000100
00001110100111
00010001011010
00010100100001
00011000000011
00011100000011
00100000100100
00100101100110
00101011001010
00110001001101
00110111101011
00111110011111
01000101100011
01001100110000
01010011111011
01011010111101
01100001101101
01101000000001
01101101110011
01110010111001
01110111001110
01111010101110
01111101010110
01111111000100
01111111111001
01111111110111
01111111000011
01111101100001
01111011010111
01111000101110
01110101101110
01110010011110
01101111000111
01101011110001
01101000100001
01100101011111
01100010101111
01100000010011
01011110001101
01011100011110
01011011000100
01011001111011
01011001000000
01011000001111
01010111100000
01010110101110
01010101110011
01010100101001
01010011001010
01010001010010
01001110111110
01001100001100
01001000111010
01000101001001
01000000111011
00111100010100
00110111010110
00110010001001
00101100110000
00100111010011
00100001111000
00011100100101
00010111011111
00010010101010
00001110001010
00001010000001
00000110010001
00000010111000
11111111110101
11111101000100
11111010100000
11111000000110
11110101101101
11110011010001
11110000101010
11101101110010
11101010100100
11100110111010
11100010110001
11011110001000
11011000111100
11010011010000
11001101000101
11000110100000
10111111100111
10111000100000
10110001010011
10101010001001
10100011001011
10011100100010
10010110010110
10010000110000
10001011110110
10000111101111
10000100011110
10000010000110
10000000101000
10000000000010
10000000010010
10000001010100
10000011000001
10000101010100
10001000000100
10001011001010
10001110011100
10010001110100
10010101001001
10011000010101
10011011010011
10011101111110
10100000010100
10100010010011
10100011111101
10100101010010
10100110010110
10100111001110
10100111111110
10101000101101
10101001100001
10101010100000
10101011101111
10101101010100
10101111010011
10110001101111
10110100101010
10111000000101
10111011111110
11000000010011
11000101000001
11001010000011
11001111010101
11010100101111
11011010001100
11011111100101
11100100110110
11101001111000
11101110100111
11110011000001
11110111000011
11111010101100
11111101111111
00000000111101
00000011101010
00000110001010
00001000100100
00001010111101
00001101011011
00010000000110
00010011000100
00010110011001
00011010001011
00011110011100
00100011001111
00101000100100
00101110011001
00110100101011
00111011010111
01000010010100
01001001011110
01010000101011
01010111110010
01011110101100
01100101001110
01101011010000
01110000101010
01110101010111
01111001001111
01111100010001
01111110011001
01111111101000
01111111111111
01111111100001
01111110010010
01111100011010
01111001111111
01110111001000
01110011111110
01110000101001
01101101010010
01101001111110
01100110110101
01100011111100
01100001010111
01011111000111
01011101001110
01011011101010
01011010011010
01011001011010
01011000100101
01010111110101
01010111000101
01010110001111
01010101001101
01010011111000
01010010001100
01010000000101
01001101100001
01001010011101
01000110111010
01000010111001
00111110011101
00111001101001
00110100100010
00101111001110
00101001110010
00100100010110
00011110111110
00011001110001
00010100110100
00010000001010
00001011110111
00000111111011
00000100011000
00000001001011
11111110010010
11111011101001
11111001001011
11110110110011
11110100011001
11110001111000
11101111001000
11101100000101
11101000101000
11100100101110
11100000010011
11011011010111
11010101111001
11001111111100
11001001100010
11000010110001
10111011110000
10110100100100
10101101011000
10100110010011
10011111100000
10011001000110
10010011001110
10001101111111
10001001100000
10000101110110
10000011000100
10000001001100
10000000001100
10000000000100
10000000110000
10000010001011
10000100001101
10000110110001
10001001101110
10001100111011
10010000010010
10010011101001
10010110111010
10011001111111
10011100110011
10011111010011
10100001011100
10100011001111
10100100101101
10100101111001
10100110110110
10100111101001
10101000011000
10101001001001
10101010000001
10101011001001
10101100100011
10101110010110
10110000100100
10110011010001
10110110011101
10111010001001
10111110010010
11000010110101
11000111101111
11001100111010
11010010010001
11010111101101
11011101001001
11100010011110
11100111100111
11101100100000
11110001000011
11110101010000
11111001000101
11111100100010
11111111101001
00000010011101
00000101000011
00000111011111
00001001110111
00001100010010
00001110110111
00010001101011
00010100110101
00011000011001
00011100011100
00100001000000
00100110000101
00101011101100
00110001110001
00111000010010
00111111001000
01000110001101
01001101011001
01010100100101
01011011100101
01100010010011
01101000100101
01101110010010
01110011010100
01110111100101
01111011000000
01111101100010
01111111001011
01111111111011
01111111110101
01111110111100
01111101010110
01111011001001
01111000011110
01110101011100
01110010001011
01101110110100
01101011011101
01101000001111
01100101001110
01100010011111
01100000000110
01011110000010
01011100010101
01011010111100
01011001110101
01011000111100
01011000001010
01010111011011
01010110101001
01010101101101
01010100100001
01010011000000
01010001000110
01001110110000
01001011111010
01001000100101
01000100110010
01000000100001
00111011111000
00110110111001
00110001101010
00101100010001
00100110110100
00100001011001
00011100000111
00010111000010
00010010001111
00001101110001
00001001101011
00000101111100
00000010100101
11111111100100
11111100110100
11111010010010
11110111111000
11110101011111
11110011000010
11110000011010
11101101100000
11101010010000
11100110100011
11100010011000
11011101101011
11011000011100
11010010101101
11001100100000
11000101111001
10111110111110
10110111110110
10110000101001
10101001100000
10100010100011
10011011111100
10010101110100
10010000010010
10001011011100
10000111011010
10000100001110
10000001111011
10000000100010
10000000000001
10000000010110
10000001011100
10000011001101
10000101100011
10001000010101
10001011011100
10001110110000
10010010000111
10010101011100
10011000100111
10011011100011
10011110001101
10100000100000
10100010011110
10100100000101
10100101011001
10100110011100
10100111010010
10101000000010
10101000110010
10101001100110
10101010100110
10101011110111
10101101011110
10101111100000
10110001111111
10110100111101
10111000011010
10111100010110
11000000101101
11000101011110
11001010100001
11001111110100
11010101001110
11011010101011
11100000000100
11100101010011
11101010010100
11101111000001
11110011011001
11110111011001
11111011000001
11111110010001
00000001001110
00000011111001
00000110011000
00001000110010
00001011001011
00001101101010
00010000010111
00010011010110
00010110101110
00011010100010
00011110110111
00100011101101
00101001000101
00101110111100
00110101010001
00111011111110
01000010111110
01001010001000
01010001010101
01011000011011
01011111010011
01100101110010
01101011110001
01110001001000
01110101101111
01111001100011
01111100100000
01111110100011
01111111101100
01111111111110
01111111011011
01111110001001
01111100001101
01111001101111
01110110110110
01110011101011
01110000010110
01101100111110
01101001101011
01100110100100
01100011101100
01100001001001
01011110111011
01011101000100
01011011100010
01011010010100
01011001010100
01011000100000
01010111110001
01010111000001
01010110001010
01010101000110
01010011101111
01010010000001
01001111111000
01001101010001
01001010001010
01000110100100
01000010100001
00111110000010
00111001001100
00110100000011
00101110101110
00101001010010
00100011110110
00011110011111
00011001010011
00010100011000
00001111110000
00001011011111
00000111100110
00000100000100
00000000111001
11111110000010
11111011011011
11111000111101
11110110100101
11110100001011
11110001101000
11101110110111
11101011110010
11101000010010
11100100010101
11011111111000
11011010111001
11010101011000
11001111011000
11001000111100
11000010001001
10111011000110
10110011111010
10101100101110
10100101101011
10011110111001
10011000100010
10010010101101
10001101100011
10001001001001
10000101100100
10000010110111
10000001000011
10000000001001
10000000000110
10000000110110
10000010010101
10000100011011
10000111000001
10001010000000
10001101001111
10010000100101
10010011111100
10010111001100
10011010010000
10011101000010
10011111100000
10100001101000
10100011011001
10100100110101
10100101111111
10100110111011
10100111101101
10101000011100
10101001001101
10101010000111
10101011010000
10101100101100
10101110100010
10110000110011
10110011100011
10110110110010
10111010100000
10111110101011
11000011010001
11001000001100
11001101011001
11010010110000
11011000001101
11011101101000
11100010111101
11101000000100
11101100111011
11110001011101
11110101100111
11111001011010
11111100110101
11111111111010
00000010101101
00000101010001
00000111101100
00001010000101
00001100100000
00001111000110
00010001111100
00010101001000
00011000101111
00011100110101
00100001011100
00100110100100
00101100001110
00110010010110
00111000111001
00111111110001
01000110110111
01001110000011
01010101001110
01011100001101
01100010111001
01101001000111
01101110110001
01110011101111
01110111111011
01111011010001
01111101101110
01111111010010
01111111111101
01111111110010
01111110110100
01111101001010
01111010111011
01111000001101
01110101001001
01110001110111
01101110100000
01101011001010
01100111111101
01100100111110
01100010010001
01011111111001
01011101110111
01011100001100
01011010110101
01011001110000
01011000110111
01011000000110
01010111010111
01010110100100
01010101100111
01010100011001
01010010110110
01010000111010
01001110100000
01001011101000
01001000010000
01000100011010
01000000000111
00111011011011
00110110011011
00110001001011
00101011110001
00100110010100
00100000111010
00011011101001
00010110100101
00010001110100
00001101011000
00001001010100
00000101101000
00000010010011
11111111010011
11111100100101
11111010000100
11110111101010
11110101010001
11110010110100
11110000001010
11101101001110
11101001111011
11100110001100
11100001111110
11011101001110
11010111111100
11010010001010
11001011111010
11000101010001
10111110010101
10110111001100
10101111111111
10101000110111
10100001111100
10011011010111
10010101010010
10001111110011
