01001001010100
01001111110101
01010110000010
01011011111010
01100001011001
01100110011111
01101011001010
01101111010111
01110011000111
01110110011001
01111001001011
01111011011111
01111101010011
01111110101001
01111111100010
01111111111110
01111111111111
01111111100110
01111110110110
01111101110000
01111100010111
01111010101100
01111000110011
01110110101100
01110100011100
01110010000101
01101111101000
01101101001001
01101010101001
01101000001011
01100101110001
01100011011011
01100001001101
01011111000110
01011101001001
01011011010101
01011001101011
01011000001100
01010110110111
01010101101100
01010100101010
01010011110001
01010010111111
01010010010010
01010001101010
01010001000100
01010000011111
01001111111000
01001111001101
01001110011101
01001101100101
01001100100011
01001011010100
01001001110111
01001000001010
01000110001010
01000011110111
01000001001111
00111110010001
00111010111100
00110111001111
00110011001010
00101110101101
00101001111000
00100100101011
00011111001001
00011001010000
00010011000100
00001100100110
00000101111000
11111110111011
11110111110011
11110000100010
11101001001011
11100001110000
11011010010100
11010010111100
11001011101000
11000100011101
10111101011101
10110110101100
10110000001011
10101001111110
10100100000110
10011110100111
10011001100001
10010100110110
10010000101001
10001100111001
10001001100111
10000110110101
10000100100001
10000010101101
10000001010111
10000000011110
10000000000010
10000000000001
10000000011010
10000001001010
10000010010000
10000011101001
10000101010100
10000111001101
10001001010100
10001011100100
10001101111011
10010000011000
10010010110111
10010101010111
10010111110101
10011010001111
10011100100101
10011110110011
10100000111010
10100010110111
10100100101011
10100110010101
10100111110100
10101001001001
10101010010100
10101011010110
10101100001111
10101101000001
10101101101110
10101110010110
10101110111100
10101111100001
10110000001000
10110000110011
10110001100011
10110010011011
10110011011101
10110100101100
10110110001001
10110111110110
10111001110110
10111100001001
10111110110001
11000001101111
11000101000100
11001000110001
11001100110110
11010001010011
11010110001000
11011011010101
11100000110111
11100110110000
11101100111100
11110011011010
11111010001000
00000001000101
00001000001101
00001111011110
00010110110101
00011110010000
00100101101100
00101101000100
00110100011000
00111011100011
01000010100011
01001001010100
01001111110101
01010110000010
01011011111010
01100001011001
01100110011111
01101011001010
01101111010111
01110011000111
01110110011001
01111001001011
01111011011111
01111101010011
01111110101001
01111111100010
01111111111110
01111111111111
01111111100110
01111110110110
01111101110000
01111100010111
01111010101100
01111000110011
01110110101100
01110100011100
01110010000101
01101111101000
01101101001001
01101010101001
01101000001011
01100101110001
01100011011011
01100001001101
01011111000110
01011101001001
01011011010101
01011001101011
01011000001100
01010110110111
01010101101100
01010100101010
01010011110001
01010010111111
01010010010010
01010001101010
01010001000100
01010000011111
01001111111000
01001111001101
01001110011101
01001101100101
01001100100011
01001011010100
01001001110111
01001000001010
01000110001010
01000011110111
01000001001111
00111110010001
00111010111100
00110111001111
00110011001010
00101110101101
00101001111000
00100100101011
00011111001001
00011001010000
00010011000100
00001100100110
00000101111000
11111110111011
11110111110011
11110000100010
11101001001011
11100001110000
11011010010100
11010010111100
11001011101000
11000100011101
10111101011101
10110110101100
10110000001011
10101001111110
10100100000110
10011110100111
10011001100001
10010100110110
10010000101001
10001100111001
10001001100111
10000110110101
10000100100001
10000010101101
10000001010111
10000000011110
10000000000010
10000000000001
10000000011010
10000001001010
10000010010000
10000011101001
10000101010100
10000111001101
10001001010100
10001011100100
10001101111011
10010000011000
10010010110111
10010101010111
10010111110101
10011010001111
10011100100101
10011110110011
10100000111010
10100010110111
10100100101011
10100110010101
10100111110100
10101001001001
10101010010100
10101011010110
10101100001111
10101101000001
10101101101110
10101110010110
10101110111100
10101111100001
10110000001000
10110000110011
10110001100011
10110010011011
10110011011101
10110100101100
10110110001001
10110111110110
10111001110110
10111100001001
10111110110001
11000001101111
11000101000100
11001000110001
11001100110110
11010001010011
11010110001000
11011011010101
11100000110111
11100110110000
11101100111100
11110011011010
11111010001000
00000001000101
00001000001101
00001111011110
00010110110101
00011110010000
00100101101100
00101101000100
00110100011000
00111011100011
01000010100011
01001001010100
01001111110101
01010110000010
01011011111010
01100001011001
01100110011111
01101011001010
01101111010111
01110011000111
01110110011001
01111001001011
01111011011111
01111101010011
01111110101001
01111111100010
01111111111110
01111111111111
01111111100110
01111110110110
01111101110000
01111100010111
01111010101100
01111000110011
01110110101100
01110100011100
01110010000101
01101111101000
01101101001001
01101010101001
01101000001011
01100101110001
01100011011011
01100001001101
01011111000110
01011101001001
01011011010101
01011001101011
01011000001100
01010110110111
01010101101100
01010100101010
01010011110001
01010010111111
01010010010010
01010001101010
01010001000100
01010000011111
01001111111000
01001111001101
01001110011101
01001101100101
01001100100011
01001011010100
01001001110111
01001000001010
01000110001010
01000011110111
01000001001111
00111110010001
00111010111100
00110111001111
00110011001010
00101110101101
00101001111000
00100100101011
00011111001001
00011001010000
00010011000100
00001100100110
00000101111000
11111110111011
11110111110011
11110000100010
11101001001011
11100001110000
11011010010100
11010010111100
11001011101000
11000100011101
10111101011101
10110110101100
10110000001011
10101001111110
10100100000110
10011110100111
10011001100001
10010100110110
10010000101001
10001100111001
10001001100111
10000110110101
10000100100001
10000010101101
10000001010111
10000000011110
10000000000010
10000000000001
10000000011010
10000001001010
10000010010000
10000011101001
10000101010100
10000111001101
10001001010100
10001011100100
10001101111011
10010000011000
10010010110111
10010101010111
10010111110101
10011010001111
10011100100101
10011110110011
10100000111010
10100010110111
10100100101011
10100110010101
10100111110100
10101001001001
10101010010100
10101011010110
10101100001111
10101101000001
10101101101110
10101110010110
10101110111100
10101111100001
10110000001000
10110000110011
10110001100011
10110010011011
10110011011101
10110100101100
10110110001001
10110111110110
10111001110110
10111100001001
10111110110001
11000001101111
11000101000100
11001000110001
11001100110110
11010001010011
11010110001000
11011011010101
11100000110111
11100110110000
11101100111100
11110011011010
11111010001000
00000001000101
00001000001101
00001111011110
00010110110101
00011110010000
00100101101100
00101101000100
00110100011000
00111011100011
01000010100011
01001001010100
01001111110101
01010110000010
01011011111010
01100001011001
01100110011111
01101011001010
01101111010111
01110011000111
01110110011001
01111001001011
01111011011111
01111101010011
01111110101001
01111111100010
01111111111110
01111111111111
01111111100110
01111110110110
01111101110000
01111100010111
01111010101100
01111000110011
01110110101100
01110100011100
01110010000101
01101111101000
01101101001001
01101010101001
01101000001011
01100101110001
01100011011011
01100001001101
01011111000110
01011101001001
01011011010101
01011001101011
01011000001100
01010110110111
01010101101100
01010100101010
01010011110001
01010010111111
01010010010010
01010001101010
01010001000100
01010000011111
01001111111000
01001111001101
01001110011101
01001101100101
01001100100011
01001011010100
01001001110111
01001000001010
01000110001010
01000011110111
01000001001111
00111110010001
00111010111100
00110111001111
00110011001010
00101110101101
00101001111000
00100100101011
00011111001001
00011001010000
00010011000100
00001100100110
00000101111000
11111110111011
11110111110011
11110000100010
11101001001011
11100001110000
11011010010100
11010010111100
11001011101000
11000100011101
10111101011101
10110110101100
10110000001011
10101001111110
10100100000110
10011110100111
10011001100001
10010100110110
10010000101001
10001100111001
10001001100111
10000110110101
10000100100001
10000010101101
10000001010111
10000000011110
10000000000010
10000000000001
10000000011010
10000001001010
10000010010000
10000011101001
10000101010100
10000111001101
10001001010100
10001011100100
10001101111011
10010000011000
10010010110111
10010101010111
10010111110101
10011010001111
10011100100101
10011110110011
10100000111010
10100010110111
10100100101011
10100110010101
10100111110100
10101001001001
10101010010100
10101011010110
10101100001111
10101101000001
10101101101110
10101110010110
10101110111100
10101111100001
10110000001000
10110000110011
10110001100011
10110010011011
10110011011101
10110100101100
10110110001001
10110111110110
10111001110110
10111100001001
10111110110001
11000001101111
11000101000100
11001000110001
11001100110110
11010001010011
11010110001000
11011011010101
11100000110111
11100110110000
11101100111100
11110011011010
11111010001000
00000001000101
00001000001101
00001111011110
00010110110101
00011110010000
00100101101100
00101101000100
00110100011000
00111011100011
01000010100011
01001001010100
01001111110101
01010110000010
01011011111010
01100001011001
01100110011111
01101011001010
01101111010111
01110011000111
01110110011001
01111001001011
01111011011111
01111101010011
01111110101001
01111111100010
01111111111110
01111111111111
01111111100110
01111110110110
01111101110000
01111100010111
01111010101100
01111000110011
01110110101100
01110100011100
01110010000101
01101111101000
01101101001001
01101010101001
01101000001011
01100101110001
01100011011011
01100001001101
01011111000110
01011101001001
01011011010101
01011001101011
01011000001100
01010110110111
01010101101100
01010100101010
01010011110001
01010010111111
01010010010010
01010001101010
01010001000100
01010000011111
01001111111000
01001111001101
01001110011101
01001101100101
01001100100011
01001011010100
01001001110111
01001000001010
01000110001010
01000011110111
01000001001111
00111110010001
00111010111100
00110111001111
00110011001010
00101110101101
00101001111000
00100100101011
00011111001001
00011001010000
00010011000100
00001100100110
00000101111000
11111110111011
11110111110011
11110000100010
11101001001011
11100001110000
11011010010100
11010010111100
11001011101000
11000100011101
10111101011101
10110110101100
10110000001011
10101001111110
10100100000110
10011110100111
10011001100001
10010100110110
10010000101001
10001100111001
10001001100111
10000110110101
10000100100001
10000010101101
10000001010111
10000000011110
10000000000010
10000000000001
10000000011010
10000001001010
10000010010000
10000011101001
10000101010100
10000111001101
10001001010100
10001011100100
10001101111011
10010000011000
10010010110111
10010101010111
10010111110101
10011010001111
10011100100101
10011110110011
10100000111010
10100010110111
10100100101011
10100110010101
10100111110100
10101001001001
10101010010100
10101011010110
10101100001111
10101101000001
10101101101110
10101110010110
10101110111100
10101111100001
10110000001000
10110000110011
10110001100011
10110010011011
10110011011101
10110100101100
10110110001001
10110111110110
10111001110110
10111100001001
10111110110001
11000001101111
11000101000100
11001000110001
11001100110110
11010001010011
11010110001000
11011011010101
11100000110111
11100110110000
11101100111100
11110011011010
11111010001000
00000001000101
00001000001101
00001111011110
00010110110101
00011110010000
00100101101100
00101101000100
00110100011000
00111011100011
01000010100011
01001001010100
01001111110101
01010110000010
01011011111010
01100001011001
01100110011111
01101011001010
01101111010111
01110011000111
01110110011001
01111001001011
01111011011111
01111101010011
01111110101001
01111111100010
01111111111110
01111111111111
01111111100110
01111110110110
01111101110000
01111100010111
01111010101100
01111000110011
01110110101100
01110100011100
01110010000101
01101111101000
01101101001001
01101010101001
01101000001011
01100101110001
01100011011011
01100001001101
01011111000110
01011101001001
01011011010101
01011001101011
01011000001100
01010110110111
01010101101100
01010100101010
01010011110001
01010010111111
01010010010010
01010001101010
01010001000100
01010000011111
01001111111000
01001111001101
01001110011101
01001101100101
01001100100011
01001011010100
01001001110111
01001000001010
01000110001010
01000011110111
01000001001111
00111110010001
00111010111100
00110111001111
00110011001010
00101110101101
00101001111000
00100100101011
00011111001001
00011001010000
00010011000100
00001100100110
00000101111000
11111110111011
11110111110011
11110000100010
11101001001011
11100001110000
11011010010100
11010010111100
11001011101000
11000100011101
10111101011101
10110110101100
10110000001011
10101001111110
10100100000110
10011110100111
10011001100001
10010100110110
10010000101001
10001100111001
10001001100111
10000110110101
10000100100001
10000010101101
10000001010111
10000000011110
10000000000010
10000000000001
10000000011010
10000001001010
10000010010000
10000011101001
10000101010100
10000111001101
10001001010100
10001011100100
10001101111011
10010000011000
10010010110111
10010101010111
10010111110101
10011010001111
10011100100101
10011110110011
10100000111010
10100010110111
10100100101011
10100110010101
10100111110100
10101001001001
10101010010100
10101011010110
10101100001111
10101101000001
10101101101110
10101110010110
10101110111100
10101111100001
10110000001000
10110000110011
10110001100011
10110010011011
10110011011101
10110100101100
10110110001001
10110111110110
10111001110110
10111100001001
10111110110001
11000001101111
11000101000100
11001000110001
11001100110110
11010001010011
11010110001000
11011011010101
11100000110111
11100110110000
11101100111100
11110011011010
11111010001000
00000001000101
00001000001101
00001111011110
00010110110101
00011110010000
00100101101100
00101101000100
00110100011000
00111011100011
01000010100011
01001001010100
01001111110101
01010110000010
01011011111010
01100001011001
01100110011111
01101011001010
01101111010111
01110011000111
01110110011001
01111001001011
01111011011111
01111101010011
01111110101001
01111111100010
01111111111110
01111111111111
01111111100110
01111110110110
01111101110000
01111100010111
01111010101100
01111000110011
01110110101100
01110100011100
01110010000101
01101111101000
01101101001001
01101010101001
01101000001011
01100101110001
01100011011011
01100001001101
01011111000110
01011101001001
01011011010101
01011001101011
01011000001100
01010110110111
01010101101100
01010100101010
01010011110001
01010010111111
01010010010010
01010001101010
01010001000100
01010000011111
01001111111000
01001111001101
01001110011101
01001101100101
01001100100011
01001011010100
01001001110111
01001000001010
01000110001010
01000011110111
01000001001111
00111110010001
00111010111100
00110111001111
00110011001010
00101110101101
00101001111000
00100100101011
00011111001001
00011001010000
00010011000100
00001100100110
00000101111000
11111110111011
11110111110011
11110000100010
11101001001011
11100001110000
11011010010100
11010010111100
11001011101000
11000100011101
10111101011101
10110110101100
10110000001011
10101001111110
10100100000110
10011110100111
10011001100001
10010100110110
10010000101001
10001100111001
10001001100111
10000110110101
10000100100001
10000010101101
10000001010111
10000000011110
10000000000010
10000000000001
10000000011010
10000001001010
10000010010000
10000011101001
10000101010100
10000111001101
10001001010100
10001011100100
10001101111011
10010000011000
10010010110111
10010101010111
10010111110101
10011010001111
10011100100101
10011110110011
10100000111010
10100010110111
10100100101011
10100110010101
10100111110100
10101001001001
10101010010100
10101011010110
10101100001111
10101101000001
10101101101110
10101110010110
10101110111100
10101111100001
10110000001000
10110000110011
10110001100011
10110010011011
10110011011101
10110100101100
10110110001001
10110111110110
10111001110110
10111100001001
10111110110001
11000001101111
11000101000100
11001000110001
11001100110110
11010001010011
11010110001000
11011011010101
11100000110111
11100110110000
11101100111100
11110011011010
11111010001000
00000001000101
00001000001101
00001111011110
00010110110101
00011110010000
00100101101100
00101101000100
00110100011000
00111011100011
01000010100011
01001001010100
01001111110101
01010110000010
01011011111010
01100001011001
01100110011111
01101011001010
01101111010111
01110011000111
01110110011001
01111001001011
01111011011111
01111101010011
01111110101001
01111111100010
01111111111110
01111111111111
01111111100110
01111110110110
01111101110000
01111100010111
01111010101100
01111000110011
01110110101100
01110100011100
01110010000101
01101111101000
01101101001001
01101010101001
01101000001011
01100101110001
01100011011011
01100001001101
01011111000110
01011101001001
01011011010101
01011001101011
01011000001100
01010110110111
01010101101100
01010100101010
01010011110001
01010010111111
01010010010010
01010001101010
01010001000100
01010000011111
01001111111000
01001111001101
01001110011101
01001101100101
01001100100011
01001011010100
01001001110111
01001000001010
01000110001010
01000011110111
01000001001111
00111110010001
00111010111100
00110111001111
00110011001010
00101110101101
00101001111000
00100100101011
00011111001001
00011001010000
00010011000100
00001100100110
00000101111000
11111110111011
11110111110011
11110000100010
11101001001011
11100001110000
11011010010100
11010010111100
11001011101000
11000100011101
10111101011101
10110110101100
10110000001011
10101001111110
10100100000110
10011110100111
10011001100001
10010100110110
10010000101001
10001100111001
10001001100111
10000110110101
10000100100001
10000010101101
10000001010111
10000000011110
10000000000010
10000000000001
10000000011010
10000001001010
10000010010000
10000011101001
10000101010100
10000111001101
10001001010100
10001011100100
10001101111011
10010000011000
10010010110111
10010101010111
10010111110101
10011010001111
10011100100101
10011110110011
10100000111010
10100010110111
10100100101011
10100110010101
10100111110100
10101001001001
10101010010100
10101011010110
10101100001111
10101101000001
10101101101110
10101110010110
10101110111100
10101111100001
10110000001000
10110000110011
10110001100011
10110010011011
10110011011101
10110100101100
10110110001001
10110111110110
10111001110110
10111100001001
10111110110001
11000001101111
11000101000100
11001000110001
11001100110110
11010001010011
11010110001000
11011011010101
11100000110111
11100110110000
11101100111100
11110011011010
11111010001000
00000001000101
00001000001101
00001111011110
00010110110101
00011110010000
00100101101100
00101101000100
00110100011000
00111011100011
01000010100011
01001001010100
01001111110101
01010110000010
01011011111010
01100001011001
01100110011111
01101011001010
01101111010111
01110011000111
01110110011001
01111001001011
01111011011111
01111101010011
01111110101001
01111111100010
01111111111110
01111111111111
01111111100110
01111110110110
01111101110000
01111100010111
01111010101100
01111000110011
01110110101100
01110100011100
01110010000101
01101111101000
01101101001001
01101010101001
01101000001011
01100101110001
01100011011011
01100001001101
01011111000110
01011101001001
01011011010101
01011001101011
01011000001100
01010110110111
01010101101100
01010100101010
01010011110001
01010010111111
01010010010010
01010001101010
01010001000100
01010000011111
01001111111000
01001111001101
01001110011101
01001101100101
01001100100011
01001011010100
01001001110111
01001000001010
01000110001010
01000011110111
01000001001111
00111110010001
00111010111100
00110111001111
00110011001010
00101110101101
00101001111000
00100100101011
00011111001001
00011001010000
00010011000100
00001100100110
00000101111000
11111110111011
11110111110011
11110000100010
11101001001011
11100001110000
11011010010100
11010010111100
11001011101000
11000100011101
10111101011101
10110110101100
10110000001011
10101001111110
10100100000110
10011110100111
10011001100001
10010100110110
10010000101001
10001100111001
10001001100111
10000110110101
10000100100001
10000010101101
10000001010111
10000000011110
10000000000010
10000000000001
10000000011010
10000001001010
10000010010000
10000011101001
10000101010100
10000111001101
10001001010100
10001011100100
10001101111011
10010000011000
10010010110111
10010101010111
10010111110101
10011010001111
10011100100101
10011110110011
10100000111010
10100010110111
10100100101011
10100110010101
10100111110100
10101001001001
10101010010100
10101011010110
10101100001111
10101101000001
10101101101110
10101110010110
10101110111100
10101111100001
10110000001000
10110000110011
10110001100011
10110010011011
10110011011101
10110100101100
10110110001001
10110111110110
10111001110110
10111100001001
10111110110001
11000001101111
11000101000100
11001000110001
11001100110110
11010001010011
11010110001000
11011011010101
11100000110111
11100110110000
11101100111100
11110011011010
11111010001000
00000001000101
00001000001101
00001111011110
00010110110101
00011110010000
00100101101100
00101101000100
00110100011000
00111011100011
01000010100011
01001001010100
01001111110101
01010110000010
01011011111010
01100001011001
01100110011111
01101011001010
01101111010111
01110011000111
01110110011001
01111001001011
01111011011111
01111101010011
01111110101001
01111111100010
01111111111110
01111111111111
01111111100110
01111110110110
01111101110000
01111100010111
01111010101100
01111000110011
01110110101100
01110100011100
01110010000101
01101111101000
01101101001001
01101010101001
01101000001011
01100101110001
01100011011011
01100001001101
01011111000110
01011101001001
01011011010101
01011001101011
01011000001100
01010110110111
01010101101100
01010100101010
01010011110001
01010010111111
01010010010010
01010001101010
01010001000100
01010000011111
01001111111000
01001111001101
01001110011101
01001101100101
01001100100011
01001011010100
01001001110111
01001000001010
01000110001010
01000011110111
01000001001111
00111110010001
00111010111100
00110111001111
00110011001010
00101110101101
00101001111000
00100100101011
00011111001001
00011001010000
00010011000100
00001100100110
00000101111000
11111110111011
11110111110011
11110000100010
11101001001011
11100001110000
11011010010100
11010010111100
11001011101000
11000100011101
10111101011101
10110110101100
10110000001011
10101001111110
10100100000110
10011110100111
10011001100001
10010100110110
10010000101001
10001100111001
10001001100111
10000110110101
10000100100001
10000010101101
10000001010111
10000000011110
10000000000010
10000000000001
10000000011010
10000001001010
10000010010000
10000011101001
10000101010100
10000111001101
10001001010100
10001011100100
10001101111011
10010000011000
10010010110111
10010101010111
10010111110101
10011010001111
10011100100101
10011110110011
10100000111010
10100010110111
10100100101011
10100110010101
10100111110100
10101001001001
10101010010100
10101011010110
10101100001111
10101101000001
10101101101110
10101110010110
10101110111100
10101111100001
10110000001000
10110000110011
10110001100011
10110010011011
10110011011101
10110100101100
10110110001001
10110111110110
10111001110110
10111100001001
10111110110001
11000001101111
11000101000100
11001000110001
11001100110110
11010001010011
11010110001000
11011011010101
11100000110111
11100110110000
11101100111100
11110011011010
11111010001000
00000001000101
00001000001101
00001111011110
00010110110101
00011110010000
00100101101100
00101101000100
00110100011000
00111011100011
01000010100011
01001001010100
01001111110101
01010110000010
01011011111010
01100001011001
01100110011111
01101011001010
01101111010111
01110011000111
01110110011001
01111001001011
01111011011111
01111101010011
01111110101001
01111111100010
01111111111110
01111111111111
01111111100110
01111110110110
01111101110000
01111100010111
01111010101100
01111000110011
01110110101100
01110100011100
01110010000101
01101111101000
01101101001001
01101010101001
01101000001011
01100101110001
01100011011011
01100001001101
01011111000110
01011101001001
01011011010101
01011001101011
01011000001100
01010110110111
01010101101100
01010100101010
01010011110001
01010010111111
01010010010010
01010001101010
01010001000100
01010000011111
01001111111000
01001111001101
01001110011101
01001101100101
01001100100011
01001011010100
01001001110111
01001000001010
01000110001010
01000011110111
01000001001111
00111110010001
00111010111100
00110111001111
00110011001010
00101110101101
00101001111000
00100100101011
00011111001001
00011001010000
00010011000100
00001100100110
00000101111000
11111110111011
11110111110011
11110000100010
11101001001011
11100001110000
11011010010100
11010010111100
11001011101000
11000100011101
10111101011101
10110110101100
10110000001011
10101001111110
10100100000110
10011110100111
10011001100001
10010100110110
10010000101001
10001100111001
10001001100111
10000110110101
10000100100001
10000010101101
10000001010111
10000000011110
10000000000010
10000000000001
10000000011010
10000001001010
10000010010000
10000011101001
10000101010100
10000111001101
10001001010100
10001011100100
10001101111011
10010000011000
10010010110111
10010101010111
10010111110101
10011010001111
10011100100101
10011110110011
10100000111010
10100010110111
10100100101011
10100110010101
10100111110100
10101001001001
10101010010100
10101011010110
10101100001111
10101101000001
10101101101110
10101110010110
10101110111100
10101111100001
10110000001000
10110000110011
10110001100011
10110010011011
10110011011101
10110100101100
10110110001001
10110111110110
10111001110110
10111100001001
10111110110001
11000001101111
11000101000100
11001000110001
11001100110110
11010001010011
11010110001000
11011011010101
11100000110111
11100110110000
11101100111100
11110011011010
11111010001000
00000001000101
00001000001101
00001111011110
00010110110101
00011110010000
00100101101100
00101101000100
00110100011000
00111011100011
01000010100011
01001001010100
01001111110101
01010110000010
01011011111010
01100001011001
01100110011111
01101011001010
01101111010111
01110011000111
01110110011001
01111001001011
01111011011111
01111101010011
01111110101001
01111111100010
01111111111110
01111111111111
01111111100110
01111110110110
01111101110000
01111100010111
01111010101100
01111000110011
01110110101100
01110100011100
01110010000101
01101111101000
01101101001001
01101010101001
01101000001011
01100101110001
01100011011011
01100001001101
01011111000110
01011101001001
01011011010101
01011001101011
01011000001100
01010110110111
01010101101100
01010100101010
01010011110001
01010010111111
01010010010010
01010001101010
01010001000100
01010000011111
01001111111000
01001111001101
01001110011101
01001101100101
01001100100011
01001011010100
01001001110111
01001000001010
01000110001010
01000011110111
01000001001111
00111110010001
00111010111100
00110111001111
00110011001010
00101110101101
00101001111000
00100100101011
00011111001001
00011001010000
00010011000100
00001100100110
00000101111000
11111110111011
11110111110011
11110000100010
11101001001011
11100001110000
11011010010100
11010010111100
11001011101000
11000100011101
10111101011101
10110110101100
10110000001011
10101001111110
10100100000110
10011110100111
10011001100001
10010100110110
10010000101001
10001100111001
10001001100111
10000110110101
10000100100001
10000010101101
10000001010111
10000000011110
10000000000010
10000000000001
10000000011010
10000001001010
10000010010000
10000011101001
10000101010100
10000111001101
10001001010100
10001011100100
10001101111011
10010000011000
10010010110111
10010101010111
10010111110101
10011010001111
10011100100101
10011110110011
10100000111010
10100010110111
10100100101011
10100110010101
10100111110100
10101001001001
10101010010100
10101011010110
10101100001111
10101101000001
10101101101110
10101110010110
10101110111100
10101111100001
10110000001000
10110000110011
10110001100011
10110010011011
10110011011101
10110100101100
10110110001001
10110111110110
10111001110110
10111100001001
10111110110001
11000001101111
11000101000100
11001000110001
11001100110110
11010001010011
11010110001000
11011011010101
11100000110111
11100110110000
11101100111100
11110011011010
11111010001000
00000001000101
00001000001101
00001111011110
00010110110101
00011110010000
00100101101100
00101101000100
00110100011000
00111011100011
01000010100011
01001001010100
01001111110101
01010110000010
01011011111010
01100001011001
01100110011111
01101011001010
01101111010111
01110011000111
01110110011001
01111001001011
01111011011111
01111101010011
01111110101001
01111111100010
01111111111110
01111111111111
01111111100110
01111110110110
01111101110000
01111100010111
01111010101100
01111000110011
01110110101100
01110100011100
01110010000101
01101111101000
01101101001001
01101010101001
01101000001011
01100101110001
01100011011011
01100001001101
01011111000110
01011101001001
01011011010101
01011001101011
01011000001100
01010110110111
01010101101100
01010100101010
01010011110001
01010010111111
01010010010010
01010001101010
01010001000100
01010000011111
01001111111000
01001111001101
01001110011101
01001101100101
01001100100011
01001011010100
01001001110111
01001000001010
01000110001010
01000011110111
01000001001111
00111110010001
00111010111100
00110111001111
00110011001010
00101110101101
00101001111000
00100100101011
00011111001001
00011001010000
00010011000100
00001100100110
00000101111000
11111110111011
11110111110011
11110000100010
11101001001011
11100001110000
11011010010100
11010010111100
11001011101000
11000100011101
10111101011101
10110110101100
10110000001011
10101001111110
10100100000110
10011110100111
10011001100001
10010100110110
10010000101001
10001100111001
10001001100111
10000110110101
10000100100001
10000010101101
10000001010111
10000000011110
10000000000010
10000000000001
10000000011010
10000001001010
10000010010000
10000011101001
10000101010100
10000111001101
10001001010100
10001011100100
10001101111011
10010000011000
10010010110111
10010101010111
10010111110101
10011010001111
10011100100101
10011110110011
10100000111010
10100010110111
10100100101011
10100110010101
10100111110100
10101001001001
10101010010100
10101011010110
10101100001111
10101101000001
10101101101110
10101110010110
10101110111100
10101111100001
10110000001000
10110000110011
10110001100011
10110010011011
10110011011101
10110100101100
10110110001001
10110111110110
10111001110110
10111100001001
10111110110001
11000001101111
11000101000100
11001000110001
11001100110110
11010001010011
11010110001000
11011011010101
11100000110111
11100110110000
11101100111100
11110011011010
11111010001000
00000001000101
00001000001101
00001111011110
00010110110101
00011110010000
00100101101100
00101101000100
00110100011000
00111011100011
01000010100011
01001001010100
01001111110101
01010110000010
01011011111010
01100001011001
01100110011111
01101011001010
01101111010111
01110011000111
01110110011001
01111001001011
01111011011111
01111101010011
01111110101001
01111111100010
01111111111110
01111111111111
01111111100110
01111110110110
01111101110000
01111100010111
01111010101100
01111000110011
01110110101100
01110100011100
01110010000101
01101111101000
01101101001001
01101010101001
01101000001011
01100101110001
01100011011011
01100001001101
01011111000110
01011101001001
01011011010101
01011001101011
01011000001100
01010110110111
01010101101100
01010100101010
01010011110001
01010010111111
01010010010010
01010001101010
01010001000100
01010000011111
01001111111000
01001111001101
01001110011101
01001101100101
01001100100011
01001011010100
01001001110111
01001000001010
01000110001010
01000011110111
01000001001111
00111110010001
00111010111100
00110111001111
00110011001010
00101110101101
00101001111000
00100100101011
00011111001001
00011001010000
00010011000100
00001100100110
00000101111000
11111110111011
11110111110011
11110000100010
11101001001011
11100001110000
11011010010100
11010010111100
11001011101000
11000100011101
10111101011101
10110110101100
10110000001011
10101001111110
10100100000110
10011110100111
10011001100001
10010100110110
10010000101001
10001100111001
10001001100111
10000110110101
10000100100001
10000010101101
10000001010111
10000000011110
10000000000010
10000000000001
10000000011010
10000001001010
10000010010000
10000011101001
10000101010100
10000111001101
10001001010100
10001011100100
10001101111011
10010000011000
10010010110111
10010101010111
10010111110101
10011010001111
10011100100101
10011110110011
10100000111010
10100010110111
10100100101011
10100110010101
10100111110100
10101001001001
10101010010100
10101011010110
10101100001111
10101101000001
10101101101110
10101110010110
10101110111100
10101111100001
10110000001000
10110000110011
10110001100011
10110010011011
10110011011101
10110100101100
10110110001001
10110111110110
10111001110110
10111100001001
10111110110001
11000001101111
11000101000100
11001000110001
11001100110110
11010001010011
11010110001000
11011011010101
11100000110111
11100110110000
11101100111100
11110011011010
11111010001000
00000001000101
00001000001101
00001111011110
00010110110101
00011110010000
00100101101100
00101101000100
00110100011000
00111011100011
01000010100011
01001001010100
01001111110101
01010110000010
01011011111010
01100001011001
01100110011111
01101011001010
01101111010111
01110011000111
01110110011001
01111001001011
01111011011111
01111101010011
01111110101001
01111111100010
01111111111110
01111111111111
01111111100110
01111110110110
01111101110000
01111100010111
01111010101100
01111000110011
01110110101100
01110100011100
01110010000101
01101111101000
01101101001001
01101010101001
01101000001011
01100101110001
01100011011011
01100001001101
01011111000110
01011101001001
01011011010101
01011001101011
01011000001100
01010110110111
01010101101100
01010100101010
01010011110001
01010010111111
01010010010010
01010001101010
01010001000100
01010000011111
01001111111000
01001111001101
01001110011101
01001101100101
01001100100011
01001011010100
01001001110111
01001000001010
01000110001010
01000011110111
01000001001111
00111110010001
00111010111100
00110111001111
00110011001010
00101110101101
00101001111000
00100100101011
00011111001001
00011001010000
00010011000100
00001100100110
00000101111000
11111110111011
11110111110011
11110000100010
11101001001011
11100001110000
11011010010100
11010010111100
11001011101000
11000100011101
10111101011101
10110110101100
10110000001011
10101001111110
10100100000110
10011110100111
10011001100001
10010100110110
10010000101001
10001100111001
10001001100111
10000110110101
10000100100001
10000010101101
10000001010111
10000000011110
10000000000010
10000000000001
10000000011010
10000001001010
10000010010000
10000011101001
10000101010100
10000111001101
10001001010100
10001011100100
10001101111011
10010000011000
10010010110111
10010101010111
10010111110101
10011010001111
10011100100101
10011110110011
10100000111010
10100010110111
10100100101011
10100110010101
10100111110100
10101001001001
10101010010100
10101011010110
10101100001111
10101101000001
10101101101110
10101110010110
10101110111100
10101111100001
10110000001000
10110000110011
10110001100011
10110010011011
10110011011101
10110100101100
10110110001001
10110111110110
10111001110110
10111100001001
10111110110001
11000001101111
11000101000100
11001000110001
11001100110110
11010001010011
11010110001000
11011011010101
11100000110111
11100110110000
11101100111100
11110011011010
11111010001000
00000001000101
00001000001101
00001111011110
00010110110101
00011110010000
00100101101100
00101101000100
00110100011000
00111011100011
01000010100011
01001001010100
01001111110101
01010110000010
01011011111010
01100001011001
01100110011111
01101011001010
01101111010111
01110011000111
01110110011001
01111001001011
01111011011111
01111101010011
01111110101001
01111111100010
01111111111110
01111111111111
01111111100110
01111110110110
01111101110000
01111100010111
01111010101100
01111000110011
01110110101100
01110100011100
01110010000101
01101111101000
01101101001001
01101010101001
01101000001011
01100101110001
01100011011011
01100001001101
01011111000110
01011101001001
01011011010101
01011001101011
01011000001100
01010110110111
01010101101100
01010100101010
01010011110001
01010010111111
01010010010010
01010001101010
01010001000100
01010000011111
01001111111000
01001111001101
01001110011101
01001101100101
01001100100011
01001011010100
01001001110111
01001000001010
01000110001010
01000011110111
01000001001111
00111110010001
00111010111100
00110111001111
00110011001010
00101110101101
00101001111000
00100100101011
00011111001001
00011001010000
00010011000100
00001100100110
00000101111000
11111110111011
11110111110011
11110000100010
11101001001011
11100001110000
11011010010100
11010010111100
11001011101000
11000100011101
10111101011101
10110110101100
10110000001011
10101001111110
10100100000110
10011110100111
10011001100001
10010100110110
10010000101001
10001100111001
10001001100111
10000110110101
10000100100001
10000010101101
10000001010111
10000000011110
10000000000010
10000000000001
10000000011010
10000001001010
10000010010000
10000011101001
10000101010100
10000111001101
10001001010100
10001011100100
10001101111011
10010000011000
10010010110111
10010101010111
10010111110101
10011010001111
10011100100101
10011110110011
10100000111010
10100010110111
10100100101011
10100110010101
10100111110100
10101001001001
10101010010100
10101011010110
10101100001111
10101101000001
10101101101110
10101110010110
10101110111100
10101111100001
10110000001000
10110000110011
10110001100011
10110010011011
10110011011101
10110100101100
10110110001001
10110111110110
10111001110110
10111100001001
10111110110001
11000001101111
11000101000100
11001000110001
11001100110110
11010001010011
11010110001000
11011011010101
11100000110111
11100110110000
11101100111100
11110011011010
11111010001000
00000001000101
00001000001101
00001111011110
00010110110101
00011110010000
00100101101100
00101101000100
00110100011000
00111011100011
01000010100011
01001001010100
01001111110101
01010110000010
01011011111010
01100001011001
01100110011111
01101011001010
01101111010111
01110011000111
01110110011001
01111001001011
01111011011111
01111101010011
01111110101001
01111111100010
01111111111110
01111111111111
01111111100110
01111110110110
01111101110000
01111100010111
01111010101100
01111000110011
01110110101100
01110100011100
01110010000101
01101111101000
01101101001001
01101010101001
01101000001011
01100101110001
01100011011011
01100001001101
01011111000110
01011101001001
01011011010101
01011001101011
01011000001100
01010110110111
01010101101100
01010100101010
01010011110001
01010010111111
01010010010010
01010001101010
01010001000100
01010000011111
01001111111000
01001111001101
01001110011101
01001101100101
01001100100011
01001011010100
01001001110111
01001000001010
01000110001010
01000011110111
01000001001111
00111110010001
00111010111100
00110111001111
00110011001010
00101110101101
00101001111000
00100100101011
00011111001001
00011001010000
00010011000100
00001100100110
00000101111000
11111110111011
11110111110011
11110000100010
11101001001011
11100001110000
11011010010100
11010010111100
11001011101000
11000100011101
10111101011101
10110110101100
10110000001011
10101001111110
10100100000110
10011110100111
10011001100001
10010100110110
10010000101001
10001100111001
10001001100111
10000110110101
10000100100001
10000010101101
10000001010111
10000000011110
10000000000010
10000000000001
10000000011010
10000001001010
10000010010000
10000011101001
10000101010100
10000111001101
10001001010100
10001011100100
10001101111011
10010000011000
10010010110111
10010101010111
10010111110101
10011010001111
10011100100101
10011110110011
10100000111010
10100010110111
10100100101011
10100110010101
10100111110100
10101001001001
10101010010100
10101011010110
10101100001111
10101101000001
10101101101110
10101110010110
10101110111100
10101111100001
10110000001000
10110000110011
10110001100011
10110010011011
10110011011101
10110100101100
10110110001001
10110111110110
10111001110110
10111100001001
10111110110001
11000001101111
11000101000100
11001000110001
11001100110110
11010001010011
11010110001000
11011011010101
11100000110111
11100110110000
11101100111100
11110011011010
11111010001000
00000001000101
00001000001101
00001111011110
00010110110101
00011110010000
00100101101100
00101101000100
00110100011000
00111011100011
01000010100011
01001001010100
01001111110101
01010110000010
01011011111010
01100001011001
01100110011111
01101011001010
01101111010111
01110011000111
01110110011001
01111001001011
01111011011111
01111101010011
01111110101001
01111111100010
01111111111110
01111111111111
01111111100110
01111110110110
01111101110000
01111100010111
01111010101100
01111000110011
01110110101100
01110100011100
01110010000101
01101111101000
01101101001001
01101010101001
01101000001011
01100101110001
01100011011011
01100001001101
01011111000110
01011101001001
01011011010101
01011001101011
01011000001100
01010110110111
01010101101100
01010100101010
01010011110001
01010010111111
01010010010010
01010001101010
01010001000100
01010000011111
01001111111000
01001111001101
01001110011101
01001101100101
01001100100011
01001011010100
01001001110111
01001000001010
01000110001010
01000011110111
01000001001111
00111110010001
00111010111100
00110111001111
00110011001010
00101110101101
00101001111000
00100100101011
00011111001001
00011001010000
00010011000100
00001100100110
00000101111000
11111110111011
11110111110011
11110000100010
11101001001011
11100001110000
11011010010100
11010010111100
11001011101000
11000100011101
10111101011101
10110110101100
10110000001011
10101001111110
10100100000110
10011110100111
10011001100001
10010100110110
10010000101001
10001100111001
10001001100111
10000110110101
10000100100001
10000010101101
10000001010111
10000000011110
10000000000010
10000000000001
10000000011010
10000001001010
10000010010000
10000011101001
10000101010100
10000111001101
10001001010100
10001011100100
10001101111011
10010000011000
10010010110111
10010101010111
10010111110101
10011010001111
10011100100101
10011110110011
10100000111010
10100010110111
10100100101011
10100110010101
10100111110100
10101001001001
10101010010100
10101011010110
10101100001111
10101101000001
10101101101110
10101110010110
10101110111100
10101111100001
10110000001000
10110000110011
10110001100011
10110010011011
10110011011101
10110100101100
10110110001001
10110111110110
10111001110110
10111100001001
10111110110001
11000001101111
11000101000100
11001000110001
11001100110110
11010001010011
11010110001000
11011011010101
11100000110111
11100110110000
11101100111100
11110011011010
11111010001000
00000001000101
00001000001101
00001111011110
00010110110101
00011110010000
00100101101100
00101101000100
00110100011000
00111011100011
01000010100011
01001001010100
01001111110101
01010110000010
01011011111010
01100001011001
01100110011111
01101011001010
01101111010111
01110011000111
01110110011001
01111001001011
01111011011111
01111101010011
01111110101001
01111111100010
01111111111110
01111111111111
01111111100110
01111110110110
01111101110000
01111100010111
01111010101100
01111000110011
01110110101100
01110100011100
01110010000101
01101111101000
01101101001001
01101010101001
01101000001011
01100101110001
01100011011011
01100001001101
01011111000110
01011101001001
01011011010101
01011001101011
01011000001100
01010110110111
01010101101100
01010100101010
01010011110001
01010010111111
01010010010010
01010001101010
01010001000100
01010000011111
01001111111000
01001111001101
01001110011101
01001101100101
01001100100011
01001011010100
01001001110111
01001000001010
01000110001010
01000011110111
01000001001111
00111110010001
00111010111100
00110111001111
00110011001010
00101110101101
00101001111000
00100100101011
00011111001001
00011001010000
00010011000100
00001100100110
00000101111000
11111110111011
11110111110011
11110000100010
11101001001011
11100001110000
11011010010100
11010010111100
11001011101000
11000100011101
10111101011101
10110110101100
10110000001011
10101001111110
10100100000110
10011110100111
10011001100001
10010100110110
10010000101001
10001100111001
10001001100111
10000110110101
10000100100001
10000010101101
10000001010111
10000000011110
10000000000010
10000000000001
10000000011010
10000001001010
10000010010000
10000011101001
10000101010100
10000111001101
10001001010100
10001011100100
10001101111011
10010000011000
10010010110111
10010101010111
10010111110101
10011010001111
10011100100101
10011110110011
10100000111010
10100010110111
10100100101011
10100110010101
10100111110100
10101001001001
10101010010100
10101011010110
10101100001111
10101101000001
10101101101110
10101110010110
10101110111100
10101111100001
10110000001000
10110000110011
10110001100011
10110010011011
10110011011101
10110100101100
10110110001001
10110111110110
10111001110110
10111100001001
10111110110001
11000001101111
11000101000100
11001000110001
11001100110110
11010001010011
11010110001000
11011011010101
11100000110111
11100110110000
11101100111100
11110011011010
11111010001000
00000001000101
00001000001101
00001111011110
00010110110101
00011110010000
00100101101100
00101101000100
00110100011000
00111011100011
01000010100011
01001001010100
01001111110101
01010110000010
01011011111010
01100001011001
01100110011111
01101011001010
01101111010111
01110011000111
01110110011001
01111001001011
01111011011111
01111101010011
01111110101001
01111111100010
01111111111110
01111111111111
01111111100110
01111110110110
01111101110000
01111100010111
01111010101100
01111000110011
01110110101100
01110100011100
01110010000101
01101111101000
01101101001001
01101010101001
01101000001011
01100101110001
01100011011011
01100001001101
01011111000110
01011101001001
01011011010101
01011001101011
01011000001100
01010110110111
01010101101100
01010100101010
01010011110001
01010010111111
01010010010010
01010001101010
01010001000100
01010000011111
01001111111000
01001111001101
01001110011101
01001101100101
01001100100011
01001011010100
01001001110111
01001000001010
01000110001010
01000011110111
01000001001111
00111110010001
00111010111100
00110111001111
00110011001010
00101110101101
00101001111000
00100100101011
00011111001001
00011001010000
00010011000100
00001100100110
00000101111000
11111110111011
11110111110011
11110000100010
11101001001011
11100001110000
11011010010100
11010010111100
11001011101000
11000100011101
10111101011101
10110110101100
10110000001011
10101001111110
10100100000110
10011110100111
10011001100001
10010100110110
10010000101001
10001100111001
10001001100111
10000110110101
10000100100001
10000010101101
10000001010111
10000000011110
10000000000010
10000000000001
10000000011010
10000001001010
10000010010000
10000011101001
10000101010100
10000111001101
10001001010100
10001011100100
10001101111011
10010000011000
10010010110111
10010101010111
10010111110101
10011010001111
10011100100101
10011110110011
10100000111010
10100010110111
10100100101011
10100110010101
10100111110100
10101001001001
10101010010100
10101011010110
10101100001111
10101101000001
10101101101110
10101110010110
10101110111100
10101111100001
10110000001000
10110000110011
10110001100011
10110010011011
10110011011101
10110100101100
10110110001001
10110111110110
10111001110110
10111100001001
10111110110001
11000001101111
11000101000100
11001000110001
11001100110110
11010001010011
11010110001000
11011011010101
11100000110111
11100110110000
11101100111100
11110011011010
11111010001000
00000001000101
00001000001101
00001111011110
00010110110101
00011110010000
00100101101100
00101101000100
00110100011000
00111011100011
01000010100011
