10000000000001
10000000011101
10000001110000
10000011111000
10000110110000
10001010010011
10001110011010
10010010111111
10010111111001
10011101000000
10100010001011
10100111010100
10101100010010
10110001000001
10110101011011
10111001011110
10111101000111
11000000010110
11000011001100
11000101101100
11000111111010
11001001111010
11001011110011
11001101101000
11001111100010
11010001100101
11010011110110
11010110011011
11011001010111
11011100101100
11100000011011
11100100100100
11101001000110
11101101111110
11110011001001
11111000100000
11111101111111
00000011100001
00001000111111
00001110010011
00010011011001
00011000001011
00011100100111
00100000101001
00100100010001
00100111011111
00101010010100
00101100110011
00101111000000
00110001000000
00110010111000
00110100101110
00110110100111
00111000101011
00111010111101
00111101100011
01000000100000
01000011110110
01000111100110
01001011110000
01010000010000
01010101000011
01011010000101
01011111001111
01100100011010
01101001011110
01101110010011
01110010110001
01110110101111
01111010000111
01111100110010
01111110101100
01111111110000
01111111111101
01111111010010
01111101110000
01111011011011
01111000010110
01110100101001
01110000011000
01101011101101
01100110101111
01100001100110
01011100011011
01010111010100
01010010011001
01001101110000
01001001011100
01000101100000
01000001111110
00111110110110
00111100000110
00111001101011
00110111100010
00110101100100
00110011101101
00110001110111
00101111111100
00101101110101
00101011011111
00101000110100
00100101110010
00100010010110
00011110011111
00011010001111
00010101100110
00010000101001
00001011011011
00000110000001
00000000100000
11111010111111
11110101100011
11110000010011
11101011010010
11100110100101
11100010010000
11011110010101
11011010110100
11010111101101
11010100111111
11010010100101
11010000011100
11001110011111
11001100101000
11001010110010
11001000110110
11000110101111
11000100010111
11000001101011
10111110101000
10111011001011
10110111010100
10110011000100
10101110011110
10101001100110
10100100100001
10011111010110
10011010001100
10010101001100
10010000011100
10001100000111
10001000010010
10000101000101
10000010100111
10000000111100
10000000000111
10000000001001
10000001000100
10000010110100
10000101010110
10001000100111
10001100011111
10010000110111
10010101101000
10011010101010
10011111110100
10100100111111
10101010000011
10101110111010
10110011011110
10110111101011
10111011100000
10111110111011
11000001111100
11000100100110
11000110111100
11001001000010
11001010111101
11001100110011
11001110101010
11010000101000
11010010110010
11010101001101
11010111111110
11011011001000
11011110101011
11100010101001
11100111000000
11101011101110
11110000110001
11110110000011
11111011011111
00000001000000
00000110100001
00001011111010
00010001000111
00010110000010
00011010101001
00011110110111
00100010101011
00100110000100
00101001000101
00101011101101
00101110000010
00110000000111
00110010000010
00110011111000
00110101101111
00110111101110
00111001111001
00111100010101
00111111000111
01000010010010
01000101110110
01001001110100
01001110001010
01010010110101
01010111110010
01011100111001
01100010000100
01100111001100
01101100001001
01110000110010
01110101000000
01111000101010
01111011101010
01111101111011
01111111011000
01111111111110
01111111101100
01111110100011
01111100100101
01111001110101
01110110011001
01110010011000
01101101111000
01101001000001
01100011111100
01011110110001
01011001101000
01010100100111
01001111110101
01001011010110
01000111001111
01000011100010
01000000001110
00111101010011
00111010101111
00111000011110
00110110011100
00110100100011
00110010101101
00110000110101
00101110110100
00101100100110
00101010000101
00100111001101
00100011111101
00100000010011
00011100001110
00010111110000
00010010111100
00001101110101
00001000011111
00000011000001
11111101011111
11111000000000
11110010101010
11101101100001
11101000101011
11100100001011
11100000000100
11011100010111
11011001000101
11010110001011
11010011101000
11010001011000
11001111010110
11001101011110
11001011101000
11001001101111
11000111101110
11000101011111
11000010111100
11000000000100
10111100110011
10111001000111
10110101000010
10110000100110
10101011110110
10100110110110
10100001101101
10011100100010
10010111011100
10010010100100
10001110000001
10001001111100
10000110011101
10000011101001
10000001100110
10000000011000
10000000000001
10000000100010
10000001111010
10000100000110
10000111000011
10001010101001
10001110110100
10010011011011
10011000010110
10011101011110
10100010101001
10100111110001
10101100101110
10110001011011
10110101110100
10111001110100
10111101011011
11000000100111
11000011011011
11000101111010
11001000000110
11001010000110
11001011111101
11001101110011
11001111101101
11010001110001
11010100000100
11010110101011
11011001101001
11011101000000
11100000110010
11100100111110
11101001100010
11101110011100
11110011100111
11111001000000
11111110100000
00000100000001
00001001011110
00001110110001
00010011110101
00011000100110
00011100111111
00100000111111
00100100100101
00100111110000
00101010100011
00101101000001
00101111001100
00110001001011
00110011000011
00110100111001
00110110110011
00111000111000
00111011001100
00111101110100
01000000110011
01000100001011
01000111111101
01001100001001
01010000101011
01010101100000
01011010100011
01011111101101
01100100111000
01101001111011
01101110101110
01110011001001
01110111000100
01111010011001
01111101000000
01111110110100
01111111110100
01111111111011
01111111001011
01111101100101
01111011001011
01111000000010
01110100010001
01101111111110
01101011010001
01100110010001
01100001001000
01011011111101
01010110110111
01010001111110
01001101010110
01001001000100
01000101001011
01000001101011
00111110100101
00111011110111
00111001011110
00110111010110
00110101011001
00110011100011
00110001101100
00101111110000
00101101101000
00101011010000
00101000100011
00100101011111
00100010000000
00011110000111
00011001110101
00010101001010
00010000001011
00001010111100
00000101100001
00000000000000
11111010011111
11110101000100
11101111110101
11101010110110
11100110001011
11100001111001
11011110000000
11011010100001
11010111011101
11010100110000
11010010011000
11010000010000
11001110010100
11001100011101
11001010100111
11001000101010
11000110100010
11000100001001
11000001011011
10111110010101
10111010110101
10110110111100
10110010101010
10101110000010
10101001001001
10100100000011
10011110111000
10011001101111
10010100101111
10010000000010
10001011101111
10000111111110
10000100110101
10000010011011
10000000110101
10000000000101
10000000001100
10000001001100
10000011000000
10000101100111
10001000111100
10001100110111
10010001010010
10010110000101
10011011001000
10100000010011
10100101011101
10101010100000
10101111010101
10110011110111
10111000000011
10111011110101
10111111001101
11000010001100
11000100110100
11000111001000
11001001001101
11001011000111
11001100111101
11001110110101
11010000110100
11010010111111
11010101011101
11011000010000
11011011011011
11011111000001
11100011000001
11100111011010
11101100001011
11110001001111
11110110100010
11111011111111
00000001100000
00000111000000
00001100011001
00010001100100
00010110011110
00011011000010
00011111001110
00100011000000
00100110010111
00101001010101
00101011111100
00101110001111
00110000010011
00110010001101
00110100000011
00110101111010
00110111111010
00111010000110
00111100100101
00111111011001
01000010100101
01000110001100
01001010001100
01001110100101
01010011010010
01011000001111
01011101010111
01100010100010
01100111101010
01101100100101
01110001001100
01110101010111
01111000111101
01111011111010
01111110000110
01111111011110
01111111111111
01111111101000
01111110011010
01111100010111
01111001100011
01110110000100
01110001111111
01101101011100
01101000100100
01100011011110
01011110010011
01011001001010
01010100001010
01001111011010
01001010111110
01000110111001
01000011001101
00111111111100
00111101000100
00111010100001
00111000010010
00110110010001
00110100011000
00110010100010
00110000101010
00101110101000
00101100011000
00101001110101
00100110111011
00100011101001
00011111111100
00011011110101
00010111010101
00010010011111
00001101010110
00001000000000
00000010100001
11111100111111
11110111100001
11110010001011
11101101000100
11101000010000
11100011110010
11011111101101
11011100000011
11011000110011
11010101111011
11010011011010
11010001001100
11001111001011
11001101010011
11001011011101
11001001100100
11000111100010
11000101010001
11000010101101
10111111110010
10111100011110
10111000110001
10110100101010
10110000001011
10101011011001
10100110011000
10100001001111
10011100000100
10010110111111
10010010001000
10001101101000
10001001100111
10000110001011
10000011011011
10000001011101
10000000010100
10000000000010
10000000101000
10000010000101
10000100010110
10000111010110
10001011000000
10001111001110
10010011110111
10011000110100
10011101111100
10100011000111
10101000001110
10101101001011
10110001110110
10110110001100
10111010001010
10111101101110
11000000111001
11000011101011
11000110000111
11001000010010
11001010010001
11001100001000
11001101111110
11001111111001
11010001111110
11010100010011
11010110111011
11011001111100
11011101010101
11100001001001
11100101010111
11101001111110
11101110111001
11110100000110
11111001011111
11111111000000
00000100100001
00001001111101
00001111001111
00010100010010
00011001000000
00011101010111
00100001010101
00100100111000
00101000000010
00101010110011
00101101001110
00101111011000
00110001010110
00110011001101
00110101000011
00110110111110
00111001000100
00111011011010
00111110000100
01000001000101
01000100100000
01001000010101
01001100100010
01010001000110
01010101111101
01011011000001
01100000001100
01100101010110
01101010011000
01101111001001
01110011100001
01110111011001
01111010101010
01111101001100
01111110111100
01111111110111
01111111111001
01111111000100
01111101011001
01111010111011
01110111101110
01110011111001
01101111100100
01101010110100
01100101110100
01100000101010
01011011011111
01010110011010
01010001100010
01001100111100
01001000101100
01000100110101
01000001011000
00111110010101
00111011101001
00111001010001
00110111001010
00110101001110
00110011011000
00110001100001
00101111100100
00101101011011
00101011000001
00101000010011
00100101001100
00100001101011
00011101110000
00011001011011
00010100101110
00001111101101
00001010011101
00000101000001
11111111100000
11111001111111
11110100100101
11101111010111
11101010011010
11100101110001
11100001100001
11011101101010
11011010001110
11010111001100
11010100100001
11010010001011
11010000000100
11001110001001
11001100010011
11001010011100
11001000011110
11000110010101
11000011111010
11000001001010
10111110000010
10111010100000
10110110100100
10110010010000
10101101100111
10101000101100
10100011100101
10011110011010
10011001010001
10010100010011
10001111101000
10001011010111
10000111101010
10000100100101
10000010010000
10000000101110
10000000000011
10000000010000
10000001010100
10000011001110
10000101111001
10001001010001
10001101001111
10010001101101
10010110100010
10011011100110
10100000110001
10100101111011
10101010111101
10101111110000
10110100010000
10111000011010
10111100001010
10111111100000
11000010011101
11000101000011
11000111010101
11001001011001
11001011010010
11001101001000
11001111000000
11010001000000
11010011001101
11010101101100
11011000100001
11011011101111
11011111010111
11100011011001
11100111110101
11101100100111
11110001101101
11110111000001
11111100011111
00000010000001
00000111100000
00001100110111
00010010000010
00010110111010
00011011011100
00011111100101
00100011010100
00100110101001
00101001100101
00101100001010
00101110011011
00110000011110
00110010011000
00110100001101
00110110000110
00111000000110
00111010010100
00111100110100
00111111101010
01000010111001
01000110100010
01001010100101
01001110111111
01010011101110
01011000101100
01011101110101
01100011000000
01101000000111
01101101000001
01110001100110
01110101101101
01111001010000
01111100001000
01111110010000
01111111100011
01111111111111
01111111100011
01111110010000
01111100001000
01111001010000
01110101101101
01110001100110
01101101000001
01101000000111
01100011000000
01011101110101
01011000101100
01010011101110
01001110111111
01001010100101
01000110100010
01000010111001
00111111101010
00111100110100
00111010010100
00111000000110
00110110000110
00110100001101
00110010011000
00110000011110
00101110011011
00101100001010
00101001100101
00100110101001
00100011010100
00011111100101
00011011011100
00010110111010
00010010000010
00001100110111
00000111100000
00000010000001
11111100011111
11110111000001
11110001101101
11101100100111
11100111110101
11100011011001
11011111010111
11011011101111
11011000100001
11010101101100
11010011001101
11010001000000
11001111000000
11001101001000
11001011010010
11001001011001
11000111010101
11000101000011
11000010011101
10111111100000
10111100001010
10111000011010
10110100010000
10101111110000
10101010111101
10100101111011
10100000110001
10011011100110
10010110100010
10010001101101
10001101001111
10001001010001
10000101111001
10000011001110
10000001010100
10000000010000
10000000000011
10000000101110
10000010010000
10000100100101
10000111101010
10001011010111
10001111101000
10010100010011
10011001010001
10011110011010
10100011100101
10101000101100
10101101100111
10110010010000
10110110100100
10111010100000
10111110000010
11000001001010
11000011111010
11000110010101
11001000011110
11001010011100
11001100010011
11001110001001
11010000000100
11010010001011
11010100100001
11010111001100
11011010001110
11011101101010
11100001100001
11100101110001
11101010011010
11101111010111
11110100100101
11111001111111
11111111100000
00000101000001
00001010011101
00001111101101
00010100101110
00011001011011
00011101110000
00100001101011
00100101001100
00101000010011
00101011000001
00101101011011
00101111100100
00110001100001
00110011011000
00110101001110
00110111001010
00111001010001
00111011101001
00111110010101
01000001011000
01000100110101
01001000101100
01001100111100
01010001100010
01010110011010
01011011011111
01100000101010
01100101110100
01101010110100
01101111100100
01110011111001
01110111101110
01111010111011
01111101011001
01111111000100
01111111111001
01111111110111
01111110111100
01111101001100
01111010101010
01110111011001
01110011100001
01101111001001
01101010011000
01100101010110
01100000001100
01011011000001
01010101111101
01010001000110
01001100100010
01001000010101
01000100100000
01000001000101
00111110000100
00111011011010
00111001000100
00110110111110
00110101000011
00110011001101
00110001010110
00101111011000
00101101001110
00101010110011
00101000000010
00100100111000
00100001010101
00011101010111
00011001000000
00010100010010
00001111001111
00001001111101
00000100100001
11111111000000
11111001011111
11110100000110
11101110111001
11101001111110
11100101010111
11100001001001
11011101010101
11011001111100
11010110111011
11010100010011
11010001111110
11001111111001
11001101111110
11001100001000
11001010010001
11001000010010
11000110000111
11000011101011
11000000111001
10111101101110
10111010001010
10110110001100
10110001110110
10101101001011
10101000001110
10100011000111
10011101111100
10011000110100
10010011110111
10001111001110
10001011000000
10000111010110
10000100010110
10000010000101
10000000101000
10000000000010
10000000010100
10000001011101
10000011011011
10000110001011
10001001100111
10001101101000
10010010001000
10010110111111
10011100000100
10100001001111
10100110011000
10101011011001
10110000001011
10110100101010
10111000110001
10111100011110
10111111110010
11000010101101
11000101010001
11000111100010
11001001100100
11001011011101
11001101010011
11001111001011
11010001001100
11010011011010
11010101111011
11011000110011
11011100000011
11011111101101
11100011110010
11101000010000
11101101000100
11110010001011
11110111100001
11111100111111
00000010100001
00001000000000
00001101010110
00010010011111
00010111010101
00011011110101
00011111111100
00100011101001
00100110111011
00101001110101
00101100011000
00101110101000
00110000101010
00110010100010
00110100011000
00110110010001
00111000010010
00111010100001
00111101000100
00111111111100
01000011001101
01000110111001
01001010111110
01001111011010
01010100001010
01011001001010
01011110010011
01100011011110
01101000100100
01101101011100
01110001111111
01110110000100
01111001100011
01111100010111
01111110011010
01111111101000
01111111111111
01111111011110
01111110000110
01111011111010
01111000111101
01110101010111
01110001001100
01101100100101
01100111101010
01100010100010
01011101010111
01011000001111
01010011010010
01001110100101
01001010001100
01000110001100
01000010100101
00111111011001
00111100100101
00111010000110
00110111111010
00110101111010
00110100000011
00110010001101
00110000010011
00101110001111
00101011111100
00101001010101
00100110010111
00100011000000
00011111001110
00011011000010
00010110011110
00010001100100
00001100011001
00000111000000
00000001100000
11111011111111
11110110100010
11110001001111
11101100001011
11100111011010
11100011000001
11011111000001
11011011011011
11011000010000
11010101011101
11010010111111
11010000110100
11001110110101
11001100111101
11001011000111
11001001001101
11000111001000
11000100110100
11000010001100
10111111001101
10111011110101
10111000000011
10110011110111
10101111010101
10101010100000
10100101011101
10100000010011
10011011001000
10010110000101
10010001010010
10001100110111
10001000111100
10000101100111
10000011000000
10000001001100
10000000001100
10000000000101
10000000110101
10000010011011
10000100110101
10000111111110
10001011101111
10010000000010
10010100101111
10011001101111
10011110111000
10100100000011
10101001001001
10101110000010
10110010101010
10110110111100
10111010110101
10111110010101
11000001011011
11000100001001
11000110100010
11001000101010
11001010100111
11001100011101
11001110010100
11010000010000
11010010011000
11010100110000
11010111011101
11011010100001
11011110000000
11100001111001
11100110001011
11101010110110
11101111110101
11110101000100
11111010011111
00000000000000
00000101100001
00001010111100
00010000001011
00010101001010
00011001110101
00011110000111
00100010000000
00100101011111
00101000100011
00101011010000
00101101101000
00101111110000
00110001101100
00110011100011
00110101011001
00110111010110
00111001011110
00111011110111
00111110100101
01000001101011
01000101001011
01001001000100
01001101010110
01010001111110
01010110110111
01011011111101
01100001001000
01100110010001
01101011010001
01101111111110
01110100010001
01111000000010
01111011001011
01111101100101
01111111001011
01111111111011
01111111110100
01111110110100
01111101000000
01111010011001
01110111000100
01110011001001
01101110101110
01101001111011
01100100111000
01011111101101
01011010100011
01010101100000
01010000101011
01001100001001
01000111111101
01000100001011
01000000110011
00111101110100
00111011001100
00111000111000
00110110110011
00110100111001
00110011000011
00110001001011
00101111001100
00101101000001
00101010100011
00100111110000
00100100100101
00100000111111
00011100111111
00011000100110
00010011110101
00001110110001
00001001011110
00000100000001
11111110100000
11111001000000
11110011100111
11101110011100
11101001100010
11100100111110
11100000110010
11011101000000
11011001101001
11010110101011
11010100000100
11010001110001
11001111101101
11001101110011
11001011111101
11001010000110
11001000000110
11000101111010
11000011011011
11000000100111
10111101011011
10111001110100
10110101110100
10110001011011
10101100101110
10100111110001
10100010101001
10011101011110
10011000010110
10010011011011
10001110110100
10001010101001
10000111000011
10000100000110
10000001111010
10000000100010
10000000000001
10000000011000
10000001100110
10000011101001
10000110011101
10001001111100
10001110000001
10010010100100
10010111011100
10011100100010
10100001101101
10100110110110
10101011110110
10110000100110
10110101000010
10111001000111
10111100110011
11000000000100
11000010111100
11000101011111
11000111101110
11001001101111
11001011101000
11001101011110
11001111010110
11010001011000
11010011101000
11010110001011
11011001000101
11011100010111
11100000000100
11100100001011
11101000101011
11101101100001
11110010101010
11111000000000
11111101011111
00000011000001
00001000011111
00001101110101
00010010111100
00010111110000
00011100001110
00100000010011
00100011111101
00100111001101
00101010000101
00101100100110
00101110110100
00110000110101
00110010101101
00110100100011
00110110011100
00111000011110
00111010101111
00111101010011
01000000001110
01000011100010
01000111001111
01001011010110
01001111110101
01010100100111
01011001101000
01011110110001
01100011111100
01101001000001
01101101111000
01110010011000
01110110011001
01111001110101
01111100100101
01111110100011
01111111101100
01111111111110
01111111011000
01111101111011
01111011101010
01111000101010
01110101000000
01110000110010
01101100001001
01100111001100
01100010000100
01011100111001
01010111110010
01010010110101
01001110001010
01001001110100
01000101110110
01000010010010
00111111000111
00111100010101
00111001111001
00110111101110
00110101101111
00110011111000
00110010000010
00110000000111
00101110000010
00101011101101
00101001000101
00100110000100
00100010101011
00011110110111
00011010101001
00010110000010
00010001000111
00001011111010
00000110100001
00000001000000
11111011011111
11110110000011
11110000110001
11101011101110
11100111000000
11100010101001
11011110101011
11011011001000
11010111111110
11010101001101
11010010110010
11010000101000
11001110101010
11001100110011
11001010111101
11001001000010
11000110111100
11000100100110
11000001111100
10111110111011
10111011100000
10110111101011
10110011011110
10101110111010
10101010000011
10100100111111
10011111110100
10011010101010
10010101101000
10010000110111
10001100011111
10001000100111
10000101010110
10000010110100
10000001000100
10000000001001
10000000000111
10000000111100
10000010100111
10000101000101
10001000010010
10001100000111
10010000011100
10010101001100
10011010001100
10011111010110
10100100100001
10101001100110
10101110011110
10110011000100
10110111010100
10111011001011
10111110101000
11000001101011
11000100010111
11000110101111
11001000110110
11001010110010
11001100101000
11001110011111
11010000011100
11010010100101
11010100111111
11010111101101
11011010110100
11011110010101
11100010010000
11100110100101
11101011010010
11110000010011
11110101100011
11111010111111
00000000100000
00000110000001
00001011011011
00010000101001
00010101100110
00011010001111
00011110011111
00100010010110
00100101110010
00101000110100
00101011011111
00101101110101
00101111111100
00110001110111
00110011101101
00110101100100
00110111100010
00111001101011
00111100000110
00111110110110
01000001111110
01000101100000
01001001011100
01001101110000
01010010011001
01010111010100
01011100011011
01100001100110
01100110101111
01101011101101
01110000011000
01110100101001
01111000010110
01111011011011
01111101110000
01111111010010
01111111111101
01111111110000
01111110101100
01111100110010
01111010000111
01110110101111
01110010110001
01101110010011
01101001011110
01100100011010
01011111001111
01011010000101
01010101000011
01010000010000
01001011110000
01000111100110
01000011110110
01000000100000
00111101100011
00111010111101
00111000101011
00110110100111
00110100101110
00110010111000
00110001000000
00101111000000
00101100110011
00101010010100
00100111011111
00100100010001
00100000101001
00011100100111
00011000001011
00010011011001
00001110010011
00001000111111
00000011100001
11111101111111
11111000100000
11110011001001
11101101111110
11101001000110
11100100100100
11100000011011
11011100101100
11011001010111
11010110011011
11010011110110
11010001100101
11001111100010
11001101101000
11001011110011
11001001111010
11000111111010
11000101101100
11000011001100
11000000010110
10111101000111
10111001011110
10110101011011
10110001000001
10101100010010
10100111010100
10100010001011
10011101000000
10010111111001
10010010111111
10001110011010
10001010010011
10000110110000
10000011111000
10000001110000
10000000011101
