10101111111000
10100111001011
10011111001011
10010111111110
10010001101011
10001100010110
10001000000000
10000100101010
10000010010001
10000000110010
10000000000110
10000000000110
10000000101011
10000001101100
10000010111110
10000100011001
10000101110101
10000111001010
10001000010010
10001001000110
10001001100101
10001001101101
10001001011101
10001000111001
10001000000011
10000111000000
10000101111000
10000100101111
10000011101111
10000010111101
10000010100001
10000010100001
10000011000010
10000100001000
10000101110101
10001000001011
10001011001000
10001110101010
10010010101110
10010111001101
10011100000010
10100001000110
10100110010010
10101011011101
10110000100011
10110101011011
10111010000010
10111110010010
11000010001010
11000101101010
11001000110010
11001011100100
11001110000110
11010000011100
11010010101111
11010101000100
11010111100101
11011010011010
11011101101010
11100001011100
11100101110111
11101010111110
11110000110101
11110111011101
11111110110101
00000110111001
00001111100101
00011000110010
00100010011000
00101100001101
00110110000111
00111111111010
01001001011101
01010010100100
01011011000101
01100010111000
01101001110110
01101111111000
01110100111100
01111001000001
01111100000110
01111110001111
01111111011111
01111111111110
01111111110011
01111111000101
01111101111111
01111100101010
01111011001101
01111001110010
01111000100001
01110111011110
01110110101111
01110110010110
01110110010101
01110110101011
01110111010100
01111000001110
01111001010011
01111010011100
01111011100011
01111100100001
01111101001101
01111101100010
01111101011010
01111100101111
01111011011111
01111001100110
01110111000110
01110011111110
01110000010010
01101100000111
01100111100001
01100010100111
01011101100000
01011000010100
01010011001001
01001110000111
01001001010011
01000100110010
01000000101000
00111100110110
00111001011101
00110110011100
00110011101110
00110001010000
00101110111011
00101100101001
00101010010001
00100111101100
00100100110000
00100001011000
00011101011011
00011000110101
00010011100000
00001101011100
00000110100111
11111111000011
11110110110011
11101101111101
11100100101001
11011010111110
11010001000110
11000111001101
10111101011101
10110100000001
10101011000011
10100010101110
10011011001001
10010100011011
10001110101001
10001001110110
10000110000011
10000011001111
10000001010110
10000000010100
10000000000001
10000000010111
10000001001100
10000010010111
10000011101111
10000101001100
10000110100101
10000111110011
10001000110001
10001001011010
10001001101100
10001001100111
10001001001100
10001000011101
10000111100000
10000110011001
10000101010000
10000100001011
10000011010001
10000010101010
10000010011101
10000010101110
10000011100011
10000100111110
10000111000010
10001001101101
10001100111111
10010000110100
10010101000111
10011001110011
10011110110001
10100011111010
10101001000111
10101110010000
10110011001111
10110111111110
10111100011001
11000000011101
11000100000111
11000111011010
11001010010101
11001100111110
11001111011001
11010001101100
11010100000000
11010110011010
11011001000101
11011100001000
11011111101001
11100011110001
11101000100100
11101110000101
11110100010111
11111011011001
00000011001001
00001011100100
00010100100011
00011101111110
00100111101110
00110001100111
00111011011111
01000101001010
01001110011111
01010111010010
01011111011011
01100110110010
01101101010000
01110010110001
01110111010010
01111010110100
01111101011000
01111111000001
01111111110110
01111111111101
01111111011110
01111110100010
01111101010010
01111011110111
01111010011011
01111001000100
01110111111010
01110111000010
01110110011111
01110110010011
01110110011110
01110110111111
01110111110010
01111000110011
01111001111011
01111011000100
01111100000111
01111100111100
01111101011100
01111101100010
01111101000111
01111100001000
01111010100010
01111000010011
01110101011101
01110010000010
01101110000100
01101001101001
01100100111000
01011111110110
01011010101011
01010101011111
01010000011000
01001011011100
01000110110010
01000010011110
00111110100001
00111010111101
00110111110001
00110100111011
00110010010111
00101111111110
00101101101100
00101011010111
00101000111001
00100110001001
00100010111110
00011111010011
00011011000000
00010110000001
00010000010010
00001001110011
00000010100100
11111010101000
11110010000011
11101000111011
11011111011001
11010101100110
11001011101100
11000001110111
10111000010000
10101111000100
10100110011011
10011110011111
10010111010111
10010001001010
10001011111010
10000111101010
10000100011001
10000010000110
10000000101100
10000000000100
10000000001000
10000000110000
10000001110011
10000011000110
10000100100010
10000101111110
10000111010001
10001000010111
10001001001010
10001001100111
10001001101100
10001001011011
10001000110101
10000111111101
10000110111010
10000101110001
10000100101001
10000011101001
10000010111001
10000010011111
10000010100010
10000011000110
10000100010000
10000110000001
10001000011010
10001011011011
10001111000000
10010011000111
10010111101000
10011100011111
10100001100100
10100110110000
10101011111011
10110001000000
10110101110111
10111010011011
10111110101010
11000010100000
11000101111101
11001001000011
11001011110011
11001110010100
11010000101010
11010010111100
11010101010010
11010111110101
11011010101100
11011101111110
11100001110100
11100110010011
11101011011110
11110001011010
11111000000110
11111111100010
00000111101010
00010000011001
00011001101001
00100011010001
00101101000110
00110111000000
01000000110011
01001010010011
01010011010111
01011011110100
01100011100011
01101010011011
01110000011000
01110101010111
01111001010101
01111100010101
01111110011000
01111111100100
01111111111111
01111111110000
01111111000000
01111101111000
01111100100001
01111011000101
01111001101011
01111000011010
01110111011001
01110110101100
01110110010101
01110110010110
01110110101110
01110111011001
01111000010100
01111001011010
01111010100011
01111011101001
01111100100110
01111101010000
01111101100011
01111101011000
01111100101001
01111011010101
01111001011001
01110110110101
01110011101010
01101111111011
01101011101101
01100111000101
01100010001010
01011101000010
01010111110101
01010010101011
01001101101010
01001000111000
01000100011001
01000000010001
00111100100001
00111001001011
00110110001011
00110011011111
00110001000010
00101110101110
00101100011100
00101010000011
00100111011100
00100100011110
00100001000010
00011101000010
00011000011000
00010010111111
00001100110110
00000101111101
11111110010100
11110110000001
11101101001000
11100011110001
11011010000101
11010000001101
11000110010100
10111100100101
10110011001011
10101010010001
10100010000000
10011010011111
10010011110111
10001110001011
10001001011110
10000101110000
10000011000010
10000001001110
10000000010000
10000000000010
10000000011010
10000001010010
10000010011111
10000011111000
10000101010100
10000110101101
10000111111010
10001000110101
10001001011101
10001001101101
10001001100101
10001001001000
10001000011000
10000111011010
10000110010010
10000101001001
10000100000101
10000011001101
10000010101000
10000010011101
10000010110001
10000011101010
10000101001001
10000111010000
10001001111111
10001101010100
10010001001100
10010101100010
10011010010000
10011111001111
10100100011001
10101001100101
10101110101110
10110011101011
10111000011001
10111100110010
11000000110011
11000100011011
11000111101100
11001010100101
11001101001101
11001111100111
11010001111010
11010100001101
11010110101001
11011001010110
11011100011011
11100000000000
11100100001011
11101001000010
11101110100111
11110100111101
11111100000100
00000011111000
00001100010111
00010101011001
00011110110110
00101000100111
00110010100000
00111100011000
01000110000010
01001111010100
01011000000100
01100000001000
01100111011010
01101101110011
01110011001110
01110111101001
01111011000101
01111101100100
01111111001000
01111111111000
01111111111011
01111111011001
01111110011011
01111101001010
01111011101111
01111010010011
01111000111101
01110111110100
01110110111110
01110110011101
01110110010011
01110110100000
01110111000011
01110111111000
01111000111001
01111010000010
01111011001010
01111100001100
01111100111111
01111101011110
01111101100001
01111101000011
01111100000000
01111010010111
01111000000101
01110101001011
01110001101100
01101101101011
01101001001110
01100100011011
01011111011000
01011010001101
01010101000001
01001111111010
01001011000001
01000110011000
01000010000110
00111110001011
00111010101001
00110111100000
00110100101011
00110010001000
00101111110001
00101101011111
00101011001010
00101000101010
00100101110111
00100010101010
00011110111011
00011010100101
00010101100010
00001111101111
00001001001011
00000001111000
11111001111000
11110001001111
11101000000101
11011110100001
11010100101101
11001010110011
11000000111110
10110111011010
10101110010000
10100101101011
10011101110011
10010110110001
10010000101000
10001011011110
10000111010100
10000100001001
10000001111011
10000000100110
10000000000011
10000000001011
10000000110101
10000001111010
10000011001110
10000100101010
10000110000110
10000111011000
10001000011101
10001001001110
10001001101000
10001001101100
10001001011000
10001000110000
10000111111000
10000110110100
10000101101010
10000100100011
10000011100100
10000010110110
10000010011110
10000010100100
10000011001011
10000100011000
10000110001101
10001000101010
10001011101110
10001111010111
10010011100000
10011000000100
10011100111100
10100010000010
10100111001110
10101100011001
10110001011101
10110110010010
10111010110101
10111111000001
11000010110101
11000110010000
11001001010011
11001100000011
11001110100010
11010000110111
11010011001010
11010101100001
11011000000101
11011010111110
11011110010011
11100010001100
11100110101111
11101011111111
11110001111111
11111000101111
00000000001111
00001000011011
00010001001110
00011010100000
00100100001001
00101110000000
00110111111010
01000001101011
01001011001001
01010100001010
01011100100011
01100100001101
01101011000000
01110000111000
01110101110000
01111001101001
01111100100011
01111110100001
01111111101000
01111111111111
01111111101101
01111110111010
01111101110001
01111100011001
01111010111100
01111001100011
01111000010011
01110111010100
01110110101001
01110110010101
01110110011000
01110110110001
01110111011110
01111000011010
01111001100000
01111010101010
01111011101111
01111100101010
01111101010011
01111101100011
01111101010101
01111100100011
01111011001100
01111001001100
01110110100100
01110011010110
01101111100100
01101011010011
01100110101001
01100001101100
01011100100100
01010111010111
01010010001101
01001101001101
01001000011101
01000100000000
00111111111010
00111100001101
00111000111001
00110101111011
00110011010001
00110000110101
00101110100001
00101100001110
00101001110100
00100111001011
00100100001011
00100000101101
00011100101001
00010111111010
00010010011101
00001100010000
00000101010010
11111101100110
11110101001111
11101100010011
11100010111001
11011001001011
11001111010011
11000101011011
10111011101101
10110010010110
10101001011111
10100001010010
10011001110110
10010011010011
10001101101101
10001001000101
10000101011110
10000010110101
10000001000110
10000000001101
10000000000010
10000000011110
10000001011000
10000010100110
10000100000000
10000101011101
10000110110100
10001000000000
10001000111010
10001001011111
10001001101101
10001001100100
10001001000101
10001000010011
10000111010011
10000110001100
10000101000011
10000011111111
10000011001000
10000010100110
10000010011101
10000010110101
10000011110001
10000101010011
10000111011110
10001010010001
10001101101001
10010001100100
10010101111100
10011010101100
10011111101101
10100100110111
10101010000011
10101111001011
10110100001000
10111000110011
10111101001010
11000001001001
11000100101111
11000111111101
11001010110101
11001101011011
11001111110100
11010010000111
11010100011011
11010110111000
11011001100110
11011100101110
11100000010110
11100100100101
11101001100000
11101111001010
11110101100101
11111100110000
00000100101000
00001101001010
00010110001111
00011111101111
00101001100000
00110011011010
00111101010000
01000110111001
01010000001000
01011000110101
01100000110101
01101000000010
01101110010101
01110011101010
01111000000000
01111011010110
01111101101111
01111111001110
01111111111010
01111111111010
01111111010101
01111110010100
01111101000010
01111011100111
01111010001011
01111000110110
01110111101110
01110110111010
01110110011011
01110110010011
01110110100011
01110111000111
01110111111101
01111001000000
01111010001000
01111011010001
01111100010001
01111101000011
01111101011111
01111101011111
01111100111110
01111011111000
01111010001011
01110111110101
01110100111000
01110001010110
01101101010010
01101000110011
01100011111110
01011110111010
01011001101110
01010100100011
01001111011101
01001010100101
01000101111110
01000001101110
00111101110110
00111010010110
00110111001110
00110100011100
00110001111010
00101111100100
00101101010001
00101010111100
00101000011011
00100101100110
00100010010110
00011110100100
00011010001001
00010101000010
00001111001011
00001000100011
00000001001011
11111001000111
11110000011011
11100111001110
11011101101000
11010011110011
11001001111001
11000000000110
10110110100011
10101101011100
10100100111011
10011101001000
10010110001010
10010000001000
10001011000100
10000110111111
10000011111010
10000001110001
10000000100001
10000000000010
10000000001101
10000000111011
10000010000001
10000011010110
10000100110011
10000110001110
10000111011111
10001000100010
10001001010001
10001001101010
10001001101011
10001001010101
10001000101100
10000111110010
10000110101101
10000101100100
10000100011101
10000011011111
10000010110011
10000010011110
10000010100110
10000011010001
10000100100001
10000110011010
10001000111010
10001100000010
10001111101110
10010011111001
10011000011111
10011101011001
10100010100000
10100111101100
10101100110111
10110001111001
10110110101101
10111011001110
10111111011000
11000011001010
11000110100011
11001001100100
11001100010010
11001110110000
11010001000101
11010011010111
11010101101111
11011000010100
11011011010000
11011110101000
11100010100101
11100111001011
11101100100000
11110010100100
11111001011001
00000000111101
00001001001101
00010010000011
00011011010111
00100101000010
00101110111010
00111000110011
01000010100011
01001011111111
01010100111101
01011101010010
01100100110111
01101011100101
01110001010111
01110110001010
01111001111101
01111100110001
01111110101010
01111111101100
01111111111111
01111111101001
01111110110100
01111101101001
01111100010001
01111010110100
01111001011011
01111000001101
01110111001111
01110110100110
01110110010100
01110110011001
01110110110100
01110111100011
01111000100000
01111001100111
01111010110000
01111011110101
01111100101111
01111101010110
01111101100011
01111101010010
01111100011101
01111011000010
01111000111110
01110110010011
01110011000001
01101111001100
01101010111001
01100110001101
01100001001111
01011100000110
01010110111001
01010001110000
01001100110001
01001000000010
01000011100111
00111111100011
00111011111001
00111000100110
00110101101011
00110011000010
00110000100111
00101110010100
00101100000000
00101001100110
00100110111011
00100011111000
00100000010111
00011100001111
00010111011100
00010001111011
00001011101001
00000100100111
11111100110111
11110100011100
11101011011101
11100010000010
11011000010010
11001110011001
11000100100001
10111010110110
10110001100001
10101000101110
10100000100101
10011001001110
10010010110000
10001101001111
10001000101110
10000101001100
10000010101000
10000000111111
10000000001010
10000000000011
10000000100010
10000001011110
10000010101110
10000100001001
10000101100101
10000110111100
10001000000110
10001000111110
10001001100001
10001001101101
10001001100010
10001001000001
10001000001110
10000111001101
10000110000101
10000100111100
10000011111001
10000011000100
10000010100100
10000010011110
10000010111001
10000011111000
10000101011110
10000111101101
10001010100011
10001101111110
10010001111100
10010110010111
10011011001000
10100000001010
10100101010101
10101010100001
10101111101000
10110100100100
10111001001110
10111101100010
11000001011111
11000101000011
11001000001111
11001011000101
11001101101001
11010000000010
11010010010100
11010100101001
11010111000111
11011001110111
11011101000010
11100000101101
11100101000000
11101001111111
11101111101110
11110110001101
11111101011100
00000101011000
00001101111101
00010111000101
00100000100111
00101010011010
00110100010100
00111110001001
01000111110000
01010000111100
01011001100101
01100001100001
01101000101001
01101110110110
01110100000110
01111000010110
01111011100111
01111101111010
01111111010100
01111111111100
01111111111000
01111111010000
01111110001101
01111100111010
01111011011110
01111010000010
01111000101111
01110111101001
01110110110110
01110110011001
01110110010100
01110110100101
01110111001011
01111000000011
01111001000110
01111010001111
01111011010111
01111100010111
01111101000111
01111101100001
01111101011110
01111100111010
01111011110000
01111001111111
01110111100110
01110100100101
01110001000000
01101100111001
01101000011000
01100011100001
01011110011100
01011001010000
01010100000101
01001111000000
01001010001001
01000101100101
01000001010110
00111101100000
00111010000011
00110110111101
00110100001101
00110001101100
00101111010110
00101101000100
00101010101110
00101000001011
00100101010100
00100010000010
00011110001100
00011001101101
00010100100010
00001110100110
00000111111010
00000000011110
11111000010110
11101111100111
11100110010111
11011100101111
11010010111010
11001001000000
10111111001101
10110101101101
10101100101001
10100100001100
10011100011101
10010101100101
10001111101000
10001010101001
10000110101011
10000011101011
10000001101000
10000000011100
10000000000001
10000000010000
10000001000000
10000010001000
10000011011111
10000100111011
10000110010101
10000111100110
10001000100111
10001001010100
10001001101011
10001001101010
10001001010010
10001000100111
10000111101100
10000110100110
10000101011101
10000100010111
10000011011010
10000010110000
10000010011101
10000010101000
10000011010111
10000100101011
10000110100111
10001001001011
10001100010110
10010000000101
10010100010011
10011000111011
10011101110110
10100010111110
10101000001011
10101101010101
10110010010110
10110111001000
10111011100111
10111111101111
11000011011111
11000110110101
11001001110101
11001100100001
11001110111110
11010001010010
11010011100100
11010101111101
11011000100100
11011011100010
11011110111110
11100010111110
11100111101000
11101101000001
11110011001010
11111010000011
00000001101100
00001001111111
00010010111000
00011100001111
00100101111011
00101111110011
00111001101100
01000011011011
01001100110101
01010101101111
01011110000000
01100101100001
01101100001001
01110001110101
01110110100010
01111010010000
01111100111110
01111110110010
01111111110000
01111111111110
01111111100110
01111110101110
01111101100001
01111100001000
01111010101100
01111001010011
01111000000110
01110111001011
01110110100011
01110110010011
01110110011011
01110110111000
01110111101000
01111000100110
01111001101110
01111010110111
01111011111011
01111100110011
01111101011000
01111101100011
01111101001111
01111100010110
01111010110111
01111000110000
01110110000001
01110010101100
01101110110100
01101010011110
01100101110000
01100000110001
01011011100111
01010110011011
01010001010010
01001100010101
01000111100111
01000011001110
00111111001101
00111011100101
00111000010100
00110101011011
00110010110011
00110000011001
00101110000110
00101011110011
00101001010111
00100110101010
00100011100101
00100000000000
00011011110101
00010110111110
00010001011001
00001011000011
00000011111100
11111100001000
11110011101001
11101010100111
11100001001010
11010111011001
11001101100000
11000011101000
10111001111110
10110000101100
10100111111100
10011111111000
10011000100110
10010010001101
10001100110010
10001000010111
10000100111011
10000010011100
10000000111000
10000000001000
10000000000101
10000000100111
10000001100101
10000010110110
10000100010001
10000101101101
10000111000011
10001000001100
10001001000010
10001001100011
10001001101101
10001001100000
10001000111101
10001000001000
10000111000111
10000101111110
10000100110110
10000011110100
10000011000001
10000010100010
10000010011111
10000010111101
10000100000000
10000101101001
10000111111011
10001010110101
10001110010100
10010010010101
10010110110010
10011011100101
10100000101000
10100101110011
10101010111111
10110000000110
10110100111111
10111001101000
10111101111010
11000001110101
11000101010111
11001000100000
11001011010101
11001101111000
11010000001111
11010010100001
11010100110110
11010111010110
11011010001001
11011101010110
11100001000101
11100101011011
11101010011110
11110000010001
11110110110101
11111110001000
00000110001000
00001110110001
00010111111011
00100001011111
00101011010011
00110101001101
00111111000010
01001000100110
01010001110000
01011010010101
01100010001101
01101001001111
01101111011000
01110100100010
01111000101100
01111011110111
01111110000101
01111111011010
01111111111101
01111111110101
01111111001011
01111110000110
01111100110010
01111011010110
01111001111010
01111000101000
01110111100011
01110110110010
01110110011000
01110110010100
01110110101000
01110111010000
01111000001000
01111001001100
01111010010110
01111011011101
01111100011100
01111101001010
01111101100010
01111101011100
01111100110101
01111011101000
01111001110011
01110111010110
01110100010010
01110000101001
01101100100000
01100111111100
01100011000100
01011101111110
01011000110010
01010011100111
01001110100011
01001001101110
01000101001011
01000000111111
00111101001011
00111001110000
00110110101101
00110011111101
00110001011110
00101111001001
00101100110110
00101010011111
00100111111011
00100101000010
00100001101101
00011101110100
00011001010001
00010100000001
00001110000001
00000111010001
11111111110001
11110111100101
11101110110010
11100101100000
11011011110111
11010010000000
11001000000110
10111110010101
10110100110111
10101011110110
10100011011101
10011011110011
10010101000000
10001111001000
10001010010000
10000110010111
10000011011101
10000001011111
10000000011000
10000000000001
10000000010011
10000001000110
10000010001111
10000011100111
10000101000100
10000110011101
10000111101101
10001000101100
10001001010111
10001001101011
10001001101000
10001001001111
10001000100010
10000111100110
10000110100000
10000101010110
10000100010001
10000011010110
10000010101101
10000010011101
10000010101011
10000011011101
10000100110100
10000110110100
10001001011100
10001100101010
10010000011100
10010100101101
10011001010111
10011110010100
10100011011100
10101000101001
10101101110011
10110010110011
10110111100011
10111100000000
11000000000110
11000011110011
11000111000111
11001010000101
11001100101111
11001111001011
11010001011111
11010011110010
11010110001100
11011000110101
11011011110101
11011111010011
11100011010111
11101000000110
11101101100011
11110011110000
11111010101110
00000010011010
00001010110001
00010011101101
00011101000111
00100110110101
00110000101101
00111010100101
01000100010011
01001101101010
01010110100001
01011110101110
01100110001010
01101100101101
01110010010011
01110110111011
01111010100010
01111101001011
01111110111010
01111111110011
01111111111110
01111111100010
01111110101000
01111101011010
01111100000000
01111010100011
01111001001100
01111000000000
01110111000110
01110110100001
01110110010011
01110110011100
01110110111011
01110111101101
01111000101101
01111001110100
01111010111101
01111100000001
01111100111000
01111101011010
01111101100011
01111101001011
01111100001111
01111010101101
01111000100010
01110101101111
01110010010111
01101110011100
01101010000100
01100101010100
01100000010011
01011011001001
01010101111101
01010000110101
01001011111000
01000111001101
01000010110110
00111110110111
00111011010001
00111000000011
00110101001011
00110010100101
00110000001100
00101101111001
00101011100101
00101001001000
00100110011010
00100011010010
00011111101010
00011011011011
00010110100000
00010000110110
00001010011011
00000011010000
11111011011000
11110010110110
11101001110001
11100000010001
11010110100000
11001100100110
11000010110000
10111001000111
