01110010100101
01101110111010
01101010110111
01100110011100
01100001101100
01011100101001
01010111010101
01010001110011
01001100000101
01000110001101
01000000001111
00111010001101
00110100001001
00101110000111
00101000001000
00100010001110
00011100011101
00010110110110
00010001011011
00001100001110
00000111001111
00000010100001
11111110000011
11111001110111
11110101111101
11110010010101
11101110111111
11101011111010
11101001000110
11100110100010
11100100001100
11100010000100
11100000000111
11011110010101
11011100101011
11011011001000
11011001101001
11011000001110
11010110110011
11010101011000
11010011111010
11010010010111
11010000101111
11001110111111
11001101000111
11001011000101
11001000111001
11000110100010
11000100000000
11000001010010
10111110011001
10111011010110
10111000001000
10110100110001
10110001010010
10101101101101
10101010000010
10100110010101
10100010100110
10011110111000
10011011001110
10010111101000
10010100001011
10010000111000
10001101110001
10001010111001
10001000010011
10000110000000
10000100000010
10000010011011
10000001001101
10000000011001
10000000000001
10000000000101
10000000100111
10000001100110
10000011000011
10000100111110
10000111010110
10001010001011
10001101011011
10010001000110
10010101001001
10011001100100
10011110010100
10100011010111
10101000101011
10101110001101
10110011111011
10111001110011
10111111110001
11000101110011
11001011110111
11010001111001
11010111111000
11011101110010
11100011100011
11101001001010
11101110100101
11110011110010
11111000110001
11111101011111
00000001111101
00000110001001
00001010000011
00001101101011
00010001000001
00010100000110
00010110111010
00011001011110
00011011110100
00011101111100
00011111111001
00100001101011
00100011010101
00100100111000
00100110010111
00100111110010
00101001001101
00101010101000
00101100000110
00101101101001
00101111010001
00110001000001
00110010111001
00110100111011
00110111000111
00111001011110
00111100000000
00111110101110
01000001100111
01000100101010
01000111111000
01001011001111
01001110101110
01010010010011
01010101111110
01011001101011
01011101011010
01100001001000
01100100110010
01101000011000
01101011110101
01101111001000
01110010001111
01110101000111
01110111101101
01111010000000
01111011111110
01111101100101
01111110110011
01111111100111
01111111111111
01111111111011
01111111011001
01111110011010
01111100111101
01111011000010
01111000101010
01110101110101
01110010100101
01101110111010
01101010110111
01100110011100
01100001101100
01011100101001
01010111010101
01010001110011
01001100000101
01000110001101
01000000001111
00111010001101
00110100001001
00101110000111
00101000001000
00100010001110
00011100011101
00010110110110
00010001011011
00001100001110
00000111001111
00000010100001
11111110000011
11111001110111
11110101111101
11110010010101
11101110111111
11101011111010
11101001000110
11100110100010
11100100001100
11100010000100
11100000000111
11011110010101
11011100101011
11011011001000
11011001101001
11011000001110
11010110110011
11010101011000
11010011111010
11010010010111
11010000101111
11001110111111
11001101000111
11001011000101
11001000111001
11000110100010
11000100000000
11000001010010
10111110011001
10111011010110
10111000001000
10110100110001
10110001010010
10101101101101
10101010000010
10100110010101
10100010100110
10011110111000
10011011001110
10010111101000
10010100001011
10010000111000
10001101110001
10001010111001
10001000010011
10000110000000
10000100000010
10000010011011
10000001001101
10000000011001
10000000000001
10000000000101
10000000100111
10000001100110
10000011000011
10000100111110
10000111010110
10001010001011
10001101011011
10010001000110
10010101001001
10011001100100
10011110010100
10100011010111
10101000101011
10101110001101
10110011111011
10111001110011
10111111110001
11000101110011
11001011110111
11010001111001
11010111111000
11011101110010
11100011100011
11101001001010
11101110100101
11110011110010
11111000110001
11111101011111
00000001111101
00000110001001
00001010000011
00001101101011
00010001000001
00010100000110
00010110111010
00011001011110
00011011110100
00011101111100
00011111111001
00100001101011
00100011010101
00100100111000
00100110010111
00100111110010
00101001001101
00101010101000
00101100000110
00101101101001
00101111010001
00110001000001
00110010111001
00110100111011
00110111000111
00111001011110
00111100000000
00111110101110
01000001100111
01000100101010
01000111111000
01001011001111
01001110101110
01010010010011
01010101111110
01011001101011
01011101011010
01100001001000
01100100110010
01101000011000
01101011110101
01101111001000
01110010001111
01110101000111
01110111101101
01111010000000
01111011111110
01111101100101
01111110110011
01111111100111
01111111111111
01111111111011
01111111011001
01111110011010
01111100111101
01111011000010
01111000101010
01110101110101
01110010100101
01101110111010
01101010110111
01100110011100
01100001101100
01011100101001
01010111010101
01010001110011
01001100000101
01000110001101
01000000001111
00111010001101
00110100001001
00101110000111
00101000001000
00100010001110
00011100011101
00010110110110
00010001011011
00001100001110
00000111001111
00000010100001
11111110000011
11111001110111
11110101111101
11110010010101
11101110111111
11101011111010
11101001000110
11100110100010
11100100001100
11100010000100
11100000000111
11011110010101
11011100101011
11011011001000
11011001101001
11011000001110
11010110110011
11010101011000
11010011111010
11010010010111
11010000101111
11001110111111
11001101000111
11001011000101
11001000111001
11000110100010
11000100000000
11000001010010
10111110011001
10111011010110
10111000001000
10110100110001
10110001010010
10101101101101
10101010000010
10100110010101
10100010100110
10011110111000
10011011001110
10010111101000
10010100001011
10010000111000
10001101110001
10001010111001
10001000010011
10000110000000
10000100000010
10000010011011
10000001001101
10000000011001
10000000000001
10000000000101
10000000100111
10000001100110
10000011000011
10000100111110
10000111010110
10001010001011
10001101011011
10010001000110
10010101001001
10011001100100
10011110010100
10100011010111
10101000101011
10101110001101
10110011111011
10111001110011
10111111110001
11000101110011
11001011110111
11010001111001
11010111111000
11011101110010
11100011100011
11101001001010
11101110100101
11110011110010
11111000110001
11111101011111
00000001111101
00000110001001
00001010000011
00001101101011
00010001000001
00010100000110
00010110111010
00011001011110
00011011110100
00011101111100
00011111111001
00100001101011
00100011010101
00100100111000
00100110010111
00100111110010
00101001001101
00101010101000
00101100000110
00101101101001
00101111010001
00110001000001
00110010111001
00110100111011
00110111000111
00111001011110
00111100000000
00111110101110
01000001100111
01000100101010
01000111111000
01001011001111
01001110101110
01010010010011
01010101111110
01011001101011
01011101011010
01100001001000
01100100110010
01101000011000
01101011110101
01101111001000
01110010001111
01110101000111
01110111101101
01111010000000
01111011111110
01111101100101
01111110110011
01111111100111
01111111111111
01111111111011
01111111011001
01111110011010
01111100111101
01111011000010
01111000101010
01110101110101
01110010100101
01101110111010
01101010110111
01100110011100
01100001101100
01011100101001
01010111010101
01010001110011
01001100000101
01000110001101
01000000001111
00111010001101
00110100001001
00101110000111
00101000001000
00100010001110
00011100011101
00010110110110
00010001011011
00001100001110
00000111001111
00000010100001
11111110000011
11111001110111
11110101111101
11110010010101
11101110111111
11101011111010
11101001000110
11100110100010
11100100001100
11100010000100
11100000000111
11011110010101
11011100101011
11011011001000
11011001101001
11011000001110
11010110110011
11010101011000
11010011111010
11010010010111
11010000101111
11001110111111
11001101000111
11001011000101
11001000111001
11000110100010
11000100000000
11000001010010
10111110011001
10111011010110
10111000001000
10110100110001
10110001010010
10101101101101
10101010000010
10100110010101
10100010100110
10011110111000
10011011001110
10010111101000
10010100001011
10010000111000
10001101110001
10001010111001
10001000010011
10000110000000
10000100000010
10000010011011
10000001001101
10000000011001
10000000000001
10000000000101
10000000100111
10000001100110
10000011000011
10000100111110
10000111010110
10001010001011
10001101011011
10010001000110
10010101001001
10011001100100
10011110010100
10100011010111
10101000101011
10101110001101
10110011111011
10111001110011
10111111110001
11000101110011
11001011110111
11010001111001
11010111111000
11011101110010
11100011100011
11101001001010
11101110100101
11110011110010
11111000110001
11111101011111
00000001111101
00000110001001
00001010000011
00001101101011
00010001000001
00010100000110
00010110111010
00011001011110
00011011110100
00011101111100
00011111111001
00100001101011
00100011010101
00100100111000
00100110010111
00100111110010
00101001001101
00101010101000
00101100000110
00101101101001
00101111010001
00110001000001
00110010111001
00110100111011
00110111000111
00111001011110
00111100000000
00111110101110
01000001100111
01000100101010
01000111111000
01001011001111
01001110101110
01010010010011
01010101111110
01011001101011
01011101011010
01100001001000
01100100110010
01101000011000
01101011110101
01101111001000
01110010001111
01110101000111
01110111101101
01111010000000
01111011111110
01111101100101
01111110110011
01111111100111
01111111111111
01111111111011
01111111011001
01111110011010
01111100111101
01111011000010
01111000101010
01110101110101
01110010100101
01101110111010
01101010110111
01100110011100
01100001101100
01011100101001
01010111010101
01010001110011
01001100000101
01000110001101
01000000001111
00111010001101
00110100001001
00101110000111
00101000001000
00100010001110
00011100011101
00010110110110
00010001011011
00001100001110
00000111001111
00000010100001
11111110000011
11111001110111
11110101111101
11110010010101
11101110111111
11101011111010
11101001000110
11100110100010
11100100001100
11100010000100
11100000000111
11011110010101
11011100101011
11011011001000
11011001101001
11011000001110
11010110110011
11010101011000
11010011111010
11010010010111
11010000101111
11001110111111
11001101000111
11001011000101
11001000111001
11000110100010
11000100000000
11000001010010
10111110011001
10111011010110
10111000001000
10110100110001
10110001010010
10101101101101
10101010000010
10100110010101
10100010100110
10011110111000
10011011001110
10010111101000
10010100001011
10010000111000
10001101110001
10001010111001
10001000010011
10000110000000
10000100000010
10000010011011
10000001001101
10000000011001
10000000000001
10000000000101
10000000100111
10000001100110
10000011000011
10000100111110
10000111010110
10001010001011
10001101011011
10010001000110
10010101001001
10011001100100
10011110010100
10100011010111
10101000101011
10101110001101
10110011111011
10111001110011
10111111110001
11000101110011
11001011110111
11010001111001
11010111111000
11011101110010
11100011100011
11101001001010
11101110100101
11110011110010
11111000110001
11111101011111
00000001111101
00000110001001
00001010000011
00001101101011
00010001000001
00010100000110
00010110111010
00011001011110
00011011110100
00011101111100
00011111111001
00100001101011
00100011010101
00100100111000
00100110010111
00100111110010
00101001001101
00101010101000
00101100000110
00101101101001
00101111010001
00110001000001
00110010111001
00110100111011
00110111000111
00111001011110
00111100000000
00111110101110
01000001100111
01000100101010
01000111111000
01001011001111
01001110101110
01010010010011
01010101111110
01011001101011
01011101011010
01100001001000
01100100110010
01101000011000
01101011110101
01101111001000
01110010001111
01110101000111
01110111101101
01111010000000
01111011111110
01111101100101
01111110110011
01111111100111
01111111111111
01111111111011
01111111011001
01111110011010
01111100111101
01111011000010
01111000101010
01110101110101
01110010100101
01101110111010
01101010110111
01100110011100
01100001101100
01011100101001
01010111010101
01010001110011
01001100000101
01000110001101
01000000001111
00111010001101
00110100001001
00101110000111
00101000001000
00100010001110
00011100011101
00010110110110
00010001011011
00001100001110
00000111001111
00000010100001
11111110000011
11111001110111
11110101111101
11110010010101
11101110111111
11101011111010
11101001000110
11100110100010
11100100001100
11100010000100
11100000000111
11011110010101
11011100101011
11011011001000
11011001101001
11011000001110
11010110110011
11010101011000
11010011111010
11010010010111
11010000101111
11001110111111
11001101000111
11001011000101
11001000111001
11000110100010
11000100000000
11000001010010
10111110011001
10111011010110
10111000001000
10110100110001
10110001010010
10101101101101
10101010000010
10100110010101
10100010100110
10011110111000
10011011001110
10010111101000
10010100001011
10010000111000
10001101110001
10001010111001
10001000010011
10000110000000
10000100000010
10000010011011
10000001001101
10000000011001
10000000000001
10000000000101
10000000100111
10000001100110
10000011000011
10000100111110
10000111010110
10001010001011
10001101011011
10010001000110
10010101001001
10011001100100
10011110010100
10100011010111
10101000101011
10101110001101
10110011111011
10111001110011
10111111110001
11000101110011
11001011110111
11010001111001
11010111111000
11011101110010
11100011100011
11101001001010
11101110100101
11110011110010
11111000110001
11111101011111
00000001111101
00000110001001
00001010000011
00001101101011
00010001000001
00010100000110
00010110111010
00011001011110
00011011110100
00011101111100
00011111111001
00100001101011
00100011010101
00100100111000
00100110010111
00100111110010
00101001001101
00101010101000
00101100000110
00101101101001
00101111010001
00110001000001
00110010111001
00110100111011
00110111000111
00111001011110
00111100000000
00111110101110
01000001100111
01000100101010
01000111111000
01001011001111
01001110101110
01010010010011
01010101111110
01011001101011
01011101011010
01100001001000
01100100110010
01101000011000
01101011110101
01101111001000
01110010001111
01110101000111
01110111101101
01111010000000
01111011111110
01111101100101
01111110110011
01111111100111
01111111111111
01111111111011
01111111011001
01111110011010
01111100111101
01111011000010
01111000101010
01110101110101
01110010100101
01101110111010
01101010110111
01100110011100
01100001101100
01011100101001
01010111010101
01010001110011
01001100000101
01000110001101
01000000001111
00111010001101
00110100001001
00101110000111
00101000001000
00100010001110
00011100011101
00010110110110
00010001011011
00001100001110
00000111001111
00000010100001
11111110000011
11111001110111
11110101111101
11110010010101
11101110111111
11101011111010
11101001000110
11100110100010
11100100001100
11100010000100
11100000000111
11011110010101
11011100101011
11011011001000
11011001101001
11011000001110
11010110110011
11010101011000
11010011111010
11010010010111
11010000101111
11001110111111
11001101000111
11001011000101
11001000111001
11000110100010
11000100000000
11000001010010
10111110011001
10111011010110
10111000001000
10110100110001
10110001010010
10101101101101
10101010000010
10100110010101
10100010100110
10011110111000
10011011001110
10010111101000
10010100001011
10010000111000
10001101110001
10001010111001
10001000010011
10000110000000
10000100000010
10000010011011
10000001001101
10000000011001
10000000000001
10000000000101
10000000100111
10000001100110
10000011000011
10000100111110
10000111010110
10001010001011
10001101011011
10010001000110
10010101001001
10011001100100
10011110010100
10100011010111
10101000101011
10101110001101
10110011111011
10111001110011
10111111110001
11000101110011
11001011110111
11010001111001
11010111111000
11011101110010
11100011100011
11101001001010
11101110100101
11110011110010
11111000110001
11111101011111
00000001111101
00000110001001
00001010000011
00001101101011
00010001000001
00010100000110
00010110111010
00011001011110
00011011110100
00011101111100
00011111111001
00100001101011
00100011010101
00100100111000
00100110010111
00100111110010
00101001001101
00101010101000
00101100000110
00101101101001
00101111010001
00110001000001
00110010111001
00110100111011
00110111000111
00111001011110
00111100000000
00111110101110
01000001100111
01000100101010
01000111111000
01001011001111
01001110101110
01010010010011
01010101111110
01011001101011
01011101011010
01100001001000
01100100110010
01101000011000
01101011110101
01101111001000
01110010001111
01110101000111
01110111101101
01111010000000
01111011111110
01111101100101
01111110110011
01111111100111
01111111111111
01111111111011
01111111011001
01111110011010
01111100111101
01111011000010
01111000101010
01110101110101
01110010100101
01101110111010
01101010110111
01100110011100
01100001101100
01011100101001
01010111010101
01010001110011
01001100000101
01000110001101
01000000001111
00111010001101
00110100001001
00101110000111
00101000001000
00100010001110
00011100011101
00010110110110
00010001011011
00001100001110
00000111001111
00000010100001
11111110000011
11111001110111
11110101111101
11110010010101
11101110111111
11101011111010
11101001000110
11100110100010
11100100001100
11100010000100
11100000000111
11011110010101
11011100101011
11011011001000
11011001101001
11011000001110
11010110110011
11010101011000
11010011111010
11010010010111
11010000101111
11001110111111
11001101000111
11001011000101
11001000111001
11000110100010
11000100000000
11000001010010
10111110011001
10111011010110
10111000001000
10110100110001
10110001010010
10101101101101
10101010000010
10100110010101
10100010100110
10011110111000
10011011001110
10010111101000
10010100001011
10010000111000
10001101110001
10001010111001
10001000010011
10000110000000
10000100000010
10000010011011
10000001001101
10000000011001
10000000000001
10000000000101
10000000100111
10000001100110
10000011000011
10000100111110
10000111010110
10001010001011
10001101011011
10010001000110
10010101001001
10011001100100
10011110010100
10100011010111
10101000101011
10101110001101
10110011111011
10111001110011
10111111110001
11000101110011
11001011110111
11010001111001
11010111111000
11011101110010
11100011100011
11101001001010
11101110100101
11110011110010
11111000110001
11111101011111
00000001111101
00000110001001
00001010000011
00001101101011
00010001000001
00010100000110
00010110111010
00011001011110
00011011110100
00011101111100
00011111111001
00100001101011
00100011010101
00100100111000
00100110010111
00100111110010
00101001001101
00101010101000
00101100000110
00101101101001
00101111010001
00110001000001
00110010111001
00110100111011
00110111000111
00111001011110
00111100000000
00111110101110
01000001100111
01000100101010
01000111111000
01001011001111
01001110101110
01010010010011
01010101111110
01011001101011
01011101011010
01100001001000
01100100110010
01101000011000
01101011110101
01101111001000
01110010001111
01110101000111
01110111101101
01111010000000
01111011111110
01111101100101
01111110110011
01111111100111
01111111111111
01111111111011
01111111011001
01111110011010
01111100111101
01111011000010
01111000101010
01110101110101
01110010100101
01101110111010
01101010110111
01100110011100
01100001101100
01011100101001
01010111010101
01010001110011
01001100000101
01000110001101
01000000001111
00111010001101
00110100001001
00101110000111
00101000001000
00100010001110
00011100011101
00010110110110
00010001011011
00001100001110
00000111001111
00000010100001
11111110000011
11111001110111
11110101111101
11110010010101
11101110111111
11101011111010
11101001000110
11100110100010
11100100001100
11100010000100
11100000000111
11011110010101
11011100101011
11011011001000
11011001101001
11011000001110
11010110110011
11010101011000
11010011111010
11010010010111
11010000101111
11001110111111
11001101000111
11001011000101
11001000111001
11000110100010
11000100000000
11000001010010
10111110011001
10111011010110
10111000001000
10110100110001
10110001010010
10101101101101
10101010000010
10100110010101
10100010100110
10011110111000
10011011001110
10010111101000
10010100001011
10010000111000
10001101110001
10001010111001
10001000010011
10000110000000
10000100000010
10000010011011
10000001001101
10000000011001
10000000000001
10000000000101
10000000100111
10000001100110
10000011000011
10000100111110
10000111010110
10001010001011
10001101011011
10010001000110
10010101001001
10011001100100
10011110010100
10100011010111
10101000101011
10101110001101
10110011111011
10111001110011
10111111110001
11000101110011
11001011110111
11010001111001
11010111111000
11011101110010
11100011100011
11101001001010
11101110100101
11110011110010
11111000110001
11111101011111
00000001111101
00000110001001
00001010000011
00001101101011
00010001000001
00010100000110
00010110111010
00011001011110
00011011110100
00011101111100
00011111111001
00100001101011
00100011010101
00100100111000
00100110010111
00100111110010
00101001001101
00101010101000
00101100000110
00101101101001
00101111010001
00110001000001
00110010111001
00110100111011
00110111000111
00111001011110
00111100000000
00111110101110
01000001100111
01000100101010
01000111111000
01001011001111
01001110101110
01010010010011
01010101111110
01011001101011
01011101011010
01100001001000
01100100110010
01101000011000
01101011110101
01101111001000
01110010001111
01110101000111
01110111101101
01111010000000
01111011111110
01111101100101
01111110110011
01111111100111
01111111111111
01111111111011
01111111011001
01111110011010
01111100111101
01111011000010
01111000101010
01110101110101
01110010100101
01101110111010
01101010110111
01100110011100
01100001101100
01011100101001
01010111010101
01010001110011
01001100000101
01000110001101
01000000001111
00111010001101
00110100001001
00101110000111
00101000001000
00100010001110
00011100011101
00010110110110
00010001011011
00001100001110
00000111001111
00000010100001
11111110000011
11111001110111
11110101111101
11110010010101
11101110111111
11101011111010
11101001000110
11100110100010
11100100001100
11100010000100
11100000000111
11011110010101
11011100101011
11011011001000
11011001101001
11011000001110
11010110110011
11010101011000
11010011111010
11010010010111
11010000101111
11001110111111
11001101000111
11001011000101
11001000111001
11000110100010
11000100000000
11000001010010
10111110011001
10111011010110
10111000001000
10110100110001
10110001010010
10101101101101
10101010000010
10100110010101
10100010100110
10011110111000
10011011001110
10010111101000
10010100001011
10010000111000
10001101110001
10001010111001
10001000010011
10000110000000
10000100000010
10000010011011
10000001001101
10000000011001
10000000000001
10000000000101
10000000100111
10000001100110
10000011000011
10000100111110
10000111010110
10001010001011
10001101011011
10010001000110
10010101001001
10011001100100
10011110010100
10100011010111
10101000101011
10101110001101
10110011111011
10111001110011
10111111110001
11000101110011
11001011110111
11010001111001
11010111111000
11011101110010
11100011100011
11101001001010
11101110100101
11110011110010
11111000110001
11111101011111
00000001111101
00000110001001
00001010000011
00001101101011
00010001000001
00010100000110
00010110111010
00011001011110
00011011110100
00011101111100
00011111111001
00100001101011
00100011010101
00100100111000
00100110010111
00100111110010
00101001001101
00101010101000
00101100000110
00101101101001
00101111010001
00110001000001
00110010111001
00110100111011
00110111000111
00111001011110
00111100000000
00111110101110
01000001100111
01000100101010
01000111111000
01001011001111
01001110101110
01010010010011
01010101111110
01011001101011
01011101011010
01100001001000
01100100110010
01101000011000
01101011110101
01101111001000
01110010001111
01110101000111
01110111101101
01111010000000
01111011111110
01111101100101
01111110110011
01111111100111
01111111111111
01111111111011
01111111011001
01111110011010
01111100111101
01111011000010
01111000101010
01110101110101
01110010100101
01101110111010
01101010110111
01100110011100
01100001101100
01011100101001
01010111010101
01010001110011
01001100000101
01000110001101
01000000001111
00111010001101
00110100001001
00101110000111
00101000001000
00100010001110
00011100011101
00010110110110
00010001011011
00001100001110
00000111001111
00000010100001
11111110000011
11111001110111
11110101111101
11110010010101
11101110111111
11101011111010
11101001000110
11100110100010
11100100001100
11100010000100
11100000000111
11011110010101
11011100101011
11011011001000
11011001101001
11011000001110
11010110110011
11010101011000
11010011111010
11010010010111
11010000101111
11001110111111
11001101000111
11001011000101
11001000111001
11000110100010
11000100000000
11000001010010
10111110011001
10111011010110
10111000001000
10110100110001
10110001010010
10101101101101
10101010000010
10100110010101
10100010100110
10011110111000
10011011001110
10010111101000
10010100001011
10010000111000
10001101110001
10001010111001
10001000010011
10000110000000
10000100000010
10000010011011
10000001001101
10000000011001
10000000000001
10000000000101
10000000100111
10000001100110
10000011000011
10000100111110
10000111010110
10001010001011
10001101011011
10010001000110
10010101001001
10011001100100
10011110010100
10100011010111
10101000101011
10101110001101
10110011111011
10111001110011
10111111110001
11000101110011
11001011110111
11010001111001
11010111111000
11011101110010
11100011100011
11101001001010
11101110100101
11110011110010
11111000110001
11111101011111
00000001111101
00000110001001
00001010000011
00001101101011
00010001000001
00010100000110
00010110111010
00011001011110
00011011110100
00011101111100
00011111111001
00100001101011
00100011010101
00100100111000
00100110010111
00100111110010
00101001001101
00101010101000
00101100000110
00101101101001
00101111010001
00110001000001
00110010111001
00110100111011
00110111000111
00111001011110
00111100000000
00111110101110
01000001100111
01000100101010
01000111111000
01001011001111
01001110101110
01010010010011
01010101111110
01011001101011
01011101011010
01100001001000
01100100110010
01101000011000
01101011110101
01101111001000
01110010001111
01110101000111
01110111101101
01111010000000
01111011111110
01111101100101
01111110110011
01111111100111
01111111111111
01111111111011
01111111011001
01111110011010
01111100111101
01111011000010
01111000101010
01110101110101
01110010100101
01101110111010
01101010110111
01100110011100
01100001101100
01011100101001
01010111010101
01010001110011
01001100000101
01000110001101
01000000001111
00111010001101
00110100001001
00101110000111
00101000001000
00100010001110
00011100011101
00010110110110
00010001011011
00001100001110
00000111001111
00000010100001
11111110000011
11111001110111
11110101111101
11110010010101
11101110111111
11101011111010
11101001000110
11100110100010
11100100001100
11100010000100
11100000000111
11011110010101
11011100101011
11011011001000
11011001101001
11011000001110
11010110110011
11010101011000
11010011111010
11010010010111
11010000101111
11001110111111
11001101000111
11001011000101
11001000111001
11000110100010
11000100000000
11000001010010
10111110011001
10111011010110
10111000001000
10110100110001
10110001010010
10101101101101
10101010000010
10100110010101
10100010100110
10011110111000
10011011001110
10010111101000
10010100001011
10010000111000
10001101110001
10001010111001
10001000010011
10000110000000
10000100000010
10000010011011
10000001001101
10000000011001
10000000000001
10000000000101
10000000100111
10000001100110
10000011000011
10000100111110
10000111010110
10001010001011
10001101011011
10010001000110
10010101001001
10011001100100
10011110010100
10100011010111
10101000101011
10101110001101
10110011111011
10111001110011
10111111110001
11000101110011
11001011110111
11010001111001
11010111111000
11011101110010
11100011100011
11101001001010
11101110100101
11110011110010
11111000110001
11111101011111
00000001111101
00000110001001
00001010000011
00001101101011
00010001000001
00010100000110
00010110111010
00011001011110
00011011110100
00011101111100
00011111111001
00100001101011
00100011010101
00100100111000
00100110010111
00100111110010
00101001001101
00101010101000
00101100000110
00101101101001
00101111010001
00110001000001
00110010111001
00110100111011
00110111000111
00111001011110
00111100000000
00111110101110
01000001100111
01000100101010
01000111111000
01001011001111
01001110101110
01010010010011
01010101111110
01011001101011
01011101011010
01100001001000
01100100110010
01101000011000
01101011110101
01101111001000
01110010001111
01110101000111
01110111101101
01111010000000
01111011111110
01111101100101
01111110110011
01111111100111
01111111111111
01111111111011
01111111011001
01111110011010
01111100111101
01111011000010
01111000101010
01110101110101
01110010100101
01101110111010
01101010110111
01100110011100
01100001101100
01011100101001
01010111010101
01010001110011
01001100000101
01000110001101
01000000001111
00111010001101
00110100001001
00101110000111
00101000001000
00100010001110
00011100011101
00010110110110
00010001011011
00001100001110
00000111001111
00000010100001
11111110000011
11111001110111
11110101111101
11110010010101
11101110111111
11101011111010
11101001000110
11100110100010
11100100001100
11100010000100
11100000000111
11011110010101
11011100101011
11011011001000
11011001101001
11011000001110
11010110110011
11010101011000
11010011111010
11010010010111
11010000101111
11001110111111
11001101000111
11001011000101
11001000111001
11000110100010
11000100000000
11000001010010
10111110011001
10111011010110
10111000001000
10110100110001
10110001010010
10101101101101
10101010000010
10100110010101
10100010100110
10011110111000
10011011001110
10010111101000
10010100001011
10010000111000
10001101110001
10001010111001
10001000010011
10000110000000
10000100000010
10000010011011
10000001001101
10000000011001
10000000000001
10000000000101
10000000100111
10000001100110
10000011000011
10000100111110
10000111010110
10001010001011
10001101011011
10010001000110
10010101001001
10011001100100
10011110010100
10100011010111
10101000101011
10101110001101
10110011111011
10111001110011
10111111110001
11000101110011
11001011110111
11010001111001
11010111111000
11011101110010
11100011100011
11101001001010
11101110100101
11110011110010
11111000110001
11111101011111
00000001111101
00000110001001
00001010000011
00001101101011
00010001000001
00010100000110
00010110111010
00011001011110
00011011110100
00011101111100
00011111111001
00100001101011
00100011010101
00100100111000
00100110010111
00100111110010
00101001001101
00101010101000
00101100000110
00101101101001
00101111010001
00110001000001
00110010111001
00110100111011
00110111000111
00111001011110
00111100000000
00111110101110
01000001100111
01000100101010
01000111111000
01001011001111
01001110101110
01010010010011
01010101111110
01011001101011
01011101011010
01100001001000
01100100110010
01101000011000
01101011110101
01101111001000
01110010001111
01110101000111
01110111101101
01111010000000
01111011111110
01111101100101
01111110110011
01111111100111
01111111111111
01111111111011
01111111011001
01111110011010
01111100111101
01111011000010
01111000101010
01110101110101
01110010100101
01101110111010
01101010110111
01100110011100
01100001101100
01011100101001
01010111010101
01010001110011
01001100000101
01000110001101
01000000001111
00111010001101
00110100001001
00101110000111
00101000001000
00100010001110
00011100011101
00010110110110
00010001011011
00001100001110
00000111001111
00000010100001
11111110000011
11111001110111
11110101111101
11110010010101
11101110111111
11101011111010
11101001000110
11100110100010
11100100001100
11100010000100
11100000000111
11011110010101
11011100101011
11011011001000
11011001101001
11011000001110
11010110110011
11010101011000
11010011111010
11010010010111
11010000101111
11001110111111
11001101000111
11001011000101
11001000111001
11000110100010
11000100000000
11000001010010
10111110011001
10111011010110
10111000001000
10110100110001
10110001010010
10101101101101
10101010000010
10100110010101
10100010100110
10011110111000
10011011001110
10010111101000
10010100001011
10010000111000
10001101110001
10001010111001
10001000010011
10000110000000
10000100000010
10000010011011
10000001001101
10000000011001
10000000000001
10000000000101
10000000100111
10000001100110
10000011000011
10000100111110
10000111010110
10001010001011
10001101011011
10010001000110
10010101001001
10011001100100
10011110010100
10100011010111
10101000101011
10101110001101
10110011111011
10111001110011
10111111110001
11000101110011
11001011110111
11010001111001
11010111111000
11011101110010
11100011100011
11101001001010
11101110100101
11110011110010
11111000110001
11111101011111
00000001111101
00000110001001
00001010000011
00001101101011
00010001000001
00010100000110
00010110111010
00011001011110
00011011110100
00011101111100
00011111111001
00100001101011
00100011010101
00100100111000
00100110010111
00100111110010
00101001001101
00101010101000
00101100000110
00101101101001
00101111010001
00110001000001
00110010111001
00110100111011
00110111000111
00111001011110
00111100000000
00111110101110
01000001100111
01000100101010
01000111111000
01001011001111
01001110101110
01010010010011
01010101111110
01011001101011
01011101011010
01100001001000
01100100110010
01101000011000
01101011110101
01101111001000
01110010001111
01110101000111
01110111101101
01111010000000
01111011111110
01111101100101
01111110110011
01111111100111
01111111111111
01111111111011
01111111011001
01111110011010
01111100111101
01111011000010
01111000101010
01110101110101
01110010100101
01101110111010
01101010110111
01100110011100
01100001101100
01011100101001
01010111010101
01010001110011
01001100000101
01000110001101
01000000001111
00111010001101
00110100001001
00101110000111
00101000001000
00100010001110
00011100011101
00010110110110
00010001011011
00001100001110
00000111001111
00000010100001
11111110000011
11111001110111
11110101111101
11110010010101
11101110111111
11101011111010
11101001000110
11100110100010
11100100001100
11100010000100
11100000000111
11011110010101
11011100101011
11011011001000
11011001101001
11011000001110
11010110110011
11010101011000
11010011111010
11010010010111
11010000101111
11001110111111
11001101000111
11001011000101
11001000111001
11000110100010
11000100000000
11000001010010
10111110011001
10111011010110
10111000001000
10110100110001
10110001010010
10101101101101
10101010000010
10100110010101
10100010100110
10011110111000
10011011001110
10010111101000
10010100001011
10010000111000
10001101110001
10001010111001
10001000010011
10000110000000
10000100000010
10000010011011
10000001001101
10000000011001
10000000000001
10000000000101
10000000100111
10000001100110
10000011000011
10000100111110
10000111010110
10001010001011
10001101011011
10010001000110
10010101001001
10011001100100
10011110010100
10100011010111
10101000101011
10101110001101
10110011111011
10111001110011
10111111110001
11000101110011
11001011110111
11010001111001
11010111111000
11011101110010
11100011100011
11101001001010
11101110100101
11110011110010
11111000110001
11111101011111
00000001111101
00000110001001
00001010000011
00001101101011
00010001000001
00010100000110
00010110111010
00011001011110
00011011110100
00011101111100
00011111111001
00100001101011
00100011010101
00100100111000
00100110010111
00100111110010
00101001001101
00101010101000
00101100000110
00101101101001
00101111010001
00110001000001
00110010111001
00110100111011
00110111000111
00111001011110
00111100000000
00111110101110
01000001100111
01000100101010
01000111111000
01001011001111
01001110101110
01010010010011
01010101111110
01011001101011
01011101011010
01100001001000
01100100110010
01101000011000
01101011110101
01101111001000
01110010001111
01110101000111
01110111101101
01111010000000
01111011111110
01111101100101
01111110110011
01111111100111
01111111111111
01111111111011
01111111011001
01111110011010
01111100111101
01111011000010
01111000101010
01110101110101
01110010100101
01101110111010
01101010110111
01100110011100
01100001101100
01011100101001
01010111010101
01010001110011
01001100000101
01000110001101
01000000001111
00111010001101
00110100001001
00101110000111
00101000001000
00100010001110
00011100011101
00010110110110
00010001011011
00001100001110
00000111001111
00000010100001
11111110000011
11111001110111
11110101111101
11110010010101
11101110111111
11101011111010
11101001000110
11100110100010
11100100001100
11100010000100
11100000000111
11011110010101
11011100101011
11011011001000
11011001101001
11011000001110
11010110110011
11010101011000
11010011111010
11010010010111
11010000101111
11001110111111
11001101000111
11001011000101
11001000111001
11000110100010
11000100000000
11000001010010
10111110011001
10111011010110
10111000001000
10110100110001
10110001010010
10101101101101
10101010000010
10100110010101
10100010100110
10011110111000
10011011001110
10010111101000
10010100001011
10010000111000
10001101110001
10001010111001
10001000010011
10000110000000
10000100000010
10000010011011
10000001001101
10000000011001
10000000000001
10000000000101
10000000100111
10000001100110
10000011000011
10000100111110
10000111010110
10001010001011
10001101011011
10010001000110
10010101001001
10011001100100
10011110010100
10100011010111
10101000101011
10101110001101
10110011111011
10111001110011
10111111110001
11000101110011
11001011110111
11010001111001
11010111111000
11011101110010
11100011100011
11101001001010
11101110100101
11110011110010
11111000110001
11111101011111
00000001111101
00000110001001
00001010000011
00001101101011
00010001000001
00010100000110
00010110111010
00011001011110
00011011110100
00011101111100
00011111111001
00100001101011
00100011010101
00100100111000
00100110010111
00100111110010
00101001001101
00101010101000
00101100000110
00101101101001
00101111010001
00110001000001
00110010111001
00110100111011
00110111000111
00111001011110
00111100000000
00111110101110
01000001100111
01000100101010
01000111111000
01001011001111
01001110101110
01010010010011
01010101111110
01011001101011
01011101011010
01100001001000
01100100110010
01101000011000
01101011110101
01101111001000
01110010001111
01110101000111
01110111101101
01111010000000
01111011111110
01111101100101
01111110110011
01111111100111
01111111111111
01111111111011
01111111011001
01111110011010
01111100111101
01111011000010
01111000101010
01110101110101
01110010100101
01101110111010
01101010110111
01100110011100
01100001101100
01011100101001
01010111010101
01010001110011
01001100000101
01000110001101
01000000001111
00111010001101
00110100001001
00101110000111
00101000001000
00100010001110
00011100011101
00010110110110
00010001011011
00001100001110
00000111001111
00000010100001
11111110000011
11111001110111
11110101111101
11110010010101
11101110111111
11101011111010
11101001000110
11100110100010
11100100001100
11100010000100
11100000000111
11011110010101
11011100101011
11011011001000
11011001101001
11011000001110
11010110110011
11010101011000
11010011111010
11010010010111
11010000101111
11001110111111
11001101000111
11001011000101
11001000111001
11000110100010
11000100000000
11000001010010
10111110011001
10111011010110
10111000001000
10110100110001
10110001010010
10101101101101
10101010000010
10100110010101
10100010100110
10011110111000
10011011001110
10010111101000
10010100001011
10010000111000
10001101110001
10001010111001
10001000010011
10000110000000
10000100000010
10000010011011
10000001001101
10000000011001
10000000000001
10000000000101
10000000100111
10000001100110
10000011000011
10000100111110
10000111010110
10001010001011
10001101011011
10010001000110
10010101001001
10011001100100
10011110010100
10100011010111
10101000101011
10101110001101
10110011111011
10111001110011
10111111110001
11000101110011
11001011110111
11010001111001
11010111111000
11011101110010
11100011100011
11101001001010
11101110100101
11110011110010
11111000110001
11111101011111
00000001111101
00000110001001
00001010000011
00001101101011
00010001000001
00010100000110
00010110111010
00011001011110
00011011110100
00011101111100
00011111111001
00100001101011
00100011010101
00100100111000
00100110010111
00100111110010
00101001001101
00101010101000
00101100000110
00101101101001
00101111010001
00110001000001
00110010111001
00110100111011
00110111000111
00111001011110
00111100000000
00111110101110
01000001100111
01000100101010
01000111111000
01001011001111
01001110101110
01010010010011
01010101111110
01011001101011
01011101011010
01100001001000
01100100110010
01101000011000
01101011110101
01101111001000
01110010001111
01110101000111
01110111101101
01111010000000
01111011111110
01111101100101
01111110110011
01111111100111
01111111111111
01111111111011
01111111011001
01111110011010
01111100111101
01111011000010
01111000101010
01110101110101
01110010100101
01101110111010
01101010110111
01100110011100
01100001101100
01011100101001
01010111010101
01010001110011
01001100000101
01000110001101
01000000001111
00111010001101
00110100001001
00101110000111
00101000001000
00100010001110
00011100011101
00010110110110
00010001011011
00001100001110
00000111001111
00000010100001
11111110000011
11111001110111
11110101111101
11110010010101
11101110111111
11101011111010
11101001000110
11100110100010
11100100001100
11100010000100
11100000000111
11011110010101
11011100101011
11011011001000
11011001101001
11011000001110
11010110110011
11010101011000
11010011111010
11010010010111
11010000101111
11001110111111
11001101000111
11001011000101
11001000111001
11000110100010
11000100000000
11000001010010
10111110011001
10111011010110
10111000001000
10110100110001
10110001010010
10101101101101
10101010000010
10100110010101
10100010100110
10011110111000
10011011001110
10010111101000
10010100001011
10010000111000
10001101110001
10001010111001
10001000010011
10000110000000
10000100000010
10000010011011
10000001001101
10000000011001
10000000000001
10000000000101
10000000100111
10000001100110
10000011000011
10000100111110
10000111010110
10001010001011
10001101011011
10010001000110
10010101001001
10011001100100
10011110010100
10100011010111
10101000101011
10101110001101
10110011111011
10111001110011
10111111110001
11000101110011
11001011110111
11010001111001
11010111111000
11011101110010
11100011100011
11101001001010
11101110100101
11110011110010
11111000110001
11111101011111
00000001111101
00000110001001
00001010000011
00001101101011
00010001000001
00010100000110
00010110111010
00011001011110
00011011110100
00011101111100
00011111111001
00100001101011
00100011010101
00100100111000
00100110010111
00100111110010
00101001001101
00101010101000
00101100000110
00101101101001
00101111010001
00110001000001
00110010111001
00110100111011
00110111000111
00111001011110
00111100000000
00111110101110
01000001100111
01000100101010
01000111111000
01001011001111
01001110101110
01010010010011
01010101111110
01011001101011
01011101011010
01100001001000
01100100110010
01101000011000
01101011110101
01101111001000
01110010001111
01110101000111
01110111101101
01111010000000
01111011111110
01111101100101
01111110110011
01111111100111
01111111111111
01111111111011
01111111011001
01111110011010
01111100111101
01111011000010
01111000101010
01110101110101
01110010100101
01101110111010
01101010110111
01100110011100
01100001101100
01011100101001
01010111010101
01010001110011
01001100000101
01000110001101
01000000001111
00111010001101
00110100001001
00101110000111
00101000001000
00100010001110
00011100011101
00010110110110
00010001011011
00001100001110
00000111001111
00000010100001
11111110000011
11111001110111
11110101111101
11110010010101
11101110111111
11101011111010
11101001000110
11100110100010
11100100001100
11100010000100
11100000000111
11011110010101
11011100101011
11011011001000
11011001101001
11011000001110
11010110110011
11010101011000
11010011111010
11010010010111
11010000101111
11001110111111
11001101000111
11001011000101
11001000111001
11000110100010
11000100000000
11000001010010
10111110011001
10111011010110
10111000001000
10110100110001
10110001010010
10101101101101
10101010000010
10100110010101
10100010100110
10011110111000
10011011001110
10010111101000
10010100001011
10010000111000
10001101110001
10001010111001
10001000010011
10000110000000
10000100000010
10000010011011
10000001001101
10000000011001
10000000000001
10000000000101
10000000100111
10000001100110
10000011000011
10000100111110
10000111010110
10001010001011
10001101011011
10010001000110
10010101001001
10011001100100
10011110010100
10100011010111
10101000101011
10101110001101
10110011111011
10111001110011
10111111110001
11000101110011
11001011110111
11010001111001
11010111111000
11011101110010
11100011100011
11101001001010
11101110100101
11110011110010
11111000110001
11111101011111
00000001111101
00000110001001
00001010000011
00001101101011
00010001000001
00010100000110
00010110111010
00011001011110
00011011110100
00011101111100
00011111111001
00100001101011
00100011010101
00100100111000
00100110010111
00100111110010
00101001001101
00101010101000
00101100000110
00101101101001
00101111010001
00110001000001
00110010111001
00110100111011
00110111000111
00111001011110
00111100000000
00111110101110
01000001100111
01000100101010
01000111111000
01001011001111
01001110101110
01010010010011
01010101111110
01011001101011
01011101011010
01100001001000
01100100110010
01101000011000
01101011110101
01101111001000
01110010001111
01110101000111
01110111101101
01111010000000
01111011111110
01111101100101
01111110110011
01111111100111
01111111111111
01111111111011
01111111011001
01111110011010
01111100111101
01111011000010
01111000101010
01110101110101
01110010100101
01101110111010
01101010110111
01100110011100
01100001101100
01011100101001
01010111010101
01010001110011
01001100000101
01000110001101
01000000001111
00111010001101
00110100001001
00101110000111
00101000001000
00100010001110
00011100011101
00010110110110
00010001011011
00001100001110
00000111001111
00000010100001
11111110000011
11111001110111
11110101111101
11110010010101
11101110111111
11101011111010
11101001000110
11100110100010
11100100001100
11100010000100
11100000000111
11011110010101
11011100101011
11011011001000
11011001101001
11011000001110
11010110110011
11010101011000
11010011111010
11010010010111
11010000101111
11001110111111
11001101000111
11001011000101
11001000111001
11000110100010
11000100000000
11000001010010
10111110011001
10111011010110
10111000001000
10110100110001
10110001010010
10101101101101
10101010000010
10100110010101
10100010100110
10011110111000
10011011001110
10010111101000
10010100001011
10010000111000
10001101110001
10001010111001
10001000010011
10000110000000
10000100000010
10000010011011
10000001001101
10000000011001
10000000000001
10000000000101
10000000100111
10000001100110
10000011000011
10000100111110
10000111010110
10001010001011
10001101011011
10010001000110
10010101001001
10011001100100
10011110010100
10100011010111
10101000101011
10101110001101
10110011111011
10111001110011
10111111110001
11000101110011
11001011110111
11010001111001
11010111111000
11011101110010
11100011100011
11101001001010
11101110100101
11110011110010
11111000110001
11111101011111
00000001111101
00000110001001
00001010000011
00001101101011
00010001000001
00010100000110
00010110111010
00011001011110
00011011110100
00011101111100
00011111111001
00100001101011
00100011010101
00100100111000
00100110010111
00100111110010
00101001001101
00101010101000
00101100000110
00101101101001
00101111010001
00110001000001
00110010111001
00110100111011
00110111000111
00111001011110
00111100000000
00111110101110
01000001100111
01000100101010
01000111111000
01001011001111
01001110101110
01010010010011
01010101111110
01011001101011
01011101011010
01100001001000
01100100110010
01101000011000
01101011110101
01101111001000
01110010001111
01110101000111
01110111101101
01111010000000
01111011111110
01111101100101
01111110110011
01111111100111
01111111111111
01111111111011
01111111011001
01111110011010
01111100111101
01111011000010
01111000101010
01110101110101
