10010001001010
10010011110000
10010110100001
10011001011100
10011100100010
10011111110001
10100011001010
10100110101100
10101010010111
10101110001010
10110010000101
10110110001000
10111010010010
10111110100100
11000010111011
11000111011001
11001011111100
11010000100101
11010101010010
11011010000011
11011110111000
11100011110000
11101000101011
11101101101001
11110010101000
11110111101000
11111100101010
00000001101011
00000110101101
00001011101110
00010000101101
00010101101011
00011010100111
00011111100000
00100100010111
00101001001001
00101101111000
00110010100010
00110111000111
00111011100110
01000000000000
01000100010011
01001000100000
01001100100101
01010000100011
01010100011001
01011000000111
01011011101100
01011111001000
01100010011010
01100101100011
01101000100010
01101011010110
01101110000000
01110000011111
01110010110011
01110100111011
01110110111001
01111000101010
01111010001111
01111011101001
01111100110110
01111101110111
01111110101011
01111111010011
01111111101110
01111111111101
01111111111111
01111111110100
01111111011101
01111110111010
01111110001001
01111101001101
01111100000100
01111010101110
01111001001101
01110111100000
01110101100110
01110011100010
01110001010010
01101110110110
01101100010000
01101001011111
01100110100100
01100011011110
01100000001111
01011100110110
01011001010100
01010101101001
01010001110110
01001101111011
01001001111000
01000101101110
01000001011100
00111101000101
00111000100111
00110100000100
00101111011011
00101010101110
00100101111101
00100001001000
00011100010000
00010111010101
00010010010111
00001101011000
00001000011000
00000011010110
11111110010101
11111001010011
11110100010010
11101111010011
11101010010101
11100101011001
11100000100000
11011011101001
11010110110111
11010010001000
11001101011110
11001000111001
11000100011010
11000000000000
10111011101101
10110111100000
10110011011011
10101111011101
10101011100111
10100111111001
10100100010100
10100000111000
10011101100110
10011010011101
10010111011110
10010100101010
10010010000000
10001111100001
10001101001101
10001011000101
10001001000111
10000111010110
10000101110001
10000100010111
10000011001010
10000010001001
10000001010101
10000000101101
10000000010010
10000000000011
10000000000001
10000000001100
10000000100011
10000001000110
10000001110111
10000010110011
10000011111100
10000101010010
10000110110011
10001000100000
10001010011010
10001100011110
10001110101110
10010001001010
10010011110000
10010110100001
10011001011100
10011100100010
10011111110001
10100011001010
10100110101100
10101010010111
10101110001010
10110010000101
10110110001000
10111010010010
10111110100100
11000010111011
11000111011001
11001011111100
11010000100101
11010101010010
11011010000011
11011110111000
11100011110000
11101000101011
11101101101001
11110010101000
11110111101000
11111100101010
00000001101011
00000110101101
00001011101110
00010000101101
00010101101011
00011010100111
00011111100000
00100100010111
00101001001001
00101101111000
00110010100010
00110111000111
00111011100110
01000000000000
01000100010011
01001000100000
01001100100101
01010000100011
01010100011001
01011000000111
01011011101100
01011111001000
01100010011010
01100101100011
01101000100010
01101011010110
01101110000000
01110000011111
01110010110011
01110100111011
01110110111001
01111000101010
01111010001111
01111011101001
01111100110110
01111101110111
01111110101011
01111111010011
01111111101110
01111111111101
01111111111111
01111111110100
01111111011101
01111110111010
01111110001001
01111101001101
01111100000100
01111010101110
01111001001101
01110111100000
01110101100110
01110011100010
01110001010010
01101110110110
01101100010000
01101001011111
01100110100100
01100011011110
01100000001111
01011100110110
01011001010100
01010101101001
01010001110110
01001101111011
01001001111000
01000101101110
01000001011100
00111101000101
00111000100111
00110100000100
00101111011011
00101010101110
00100101111101
00100001001000
00011100010000
00010111010101
00010010010111
00001101011000
00001000011000
00000011010110
11111110010101
11111001010011
11110100010010
11101111010011
11101010010101
11100101011001
11100000100000
11011011101001
11010110110111
11010010001000
11001101011110
11001000111001
11000100011010
11000000000000
10111011101101
10110111100000
10110011011011
10101111011101
10101011100111
10100111111001
10100100010100
10100000111000
10011101100110
10011010011101
10010111011110
10010100101010
10010010000000
10001111100001
10001101001101
10001011000101
10001001000111
10000111010110
10000101110001
10000100010111
10000011001010
10000010001001
10000001010101
10000000101101
10000000010010
10000000000011
10000000000001
10000000001100
10000000100011
10000001000110
10000001110111
10000010110011
10000011111100
10000101010010
10000110110011
10001000100000
10001010011010
10001100011110
10001110101110
10010001001010
10010011110000
10010110100001
10011001011100
10011100100010
10011111110001
10100011001010
10100110101100
10101010010111
10101110001010
10110010000101
10110110001000
10111010010010
10111110100100
11000010111011
11000111011001
11001011111100
11010000100101
11010101010010
11011010000011
11011110111000
11100011110000
11101000101011
11101101101001
11110010101000
11110111101000
11111100101010
00000001101011
00000110101101
00001011101110
00010000101101
00010101101011
00011010100111
00011111100000
00100100010111
00101001001001
00101101111000
00110010100010
00110111000111
00111011100110
01000000000000
01000100010011
01001000100000
01001100100101
01010000100011
01010100011001
01011000000111
01011011101100
01011111001000
01100010011010
01100101100011
01101000100010
01101011010110
01101110000000
01110000011111
01110010110011
01110100111011
01110110111001
01111000101010
01111010001111
01111011101001
01111100110110
01111101110111
01111110101011
01111111010011
01111111101110
01111111111101
01111111111111
01111111110100
01111111011101
01111110111010
01111110001001
01111101001101
01111100000100
01111010101110
01111001001101
01110111100000
01110101100110
01110011100010
01110001010010
01101110110110
01101100010000
01101001011111
01100110100100
01100011011110
01100000001111
01011100110110
01011001010100
01010101101001
01010001110110
01001101111011
01001001111000
01000101101110
01000001011100
00111101000101
00111000100111
00110100000100
00101111011011
00101010101110
00100101111101
00100001001000
00011100010000
00010111010101
00010010010111
00001101011000
00001000011000
00000011010110
11111110010101
11111001010011
11110100010010
11101111010011
11101010010101
11100101011001
11100000100000
11011011101001
11010110110111
11010010001000
11001101011110
11001000111001
11000100011010
11000000000000
10111011101101
10110111100000
10110011011011
10101111011101
10101011100111
10100111111001
10100100010100
10100000111000
10011101100110
10011010011101
10010111011110
10010100101010
10010010000000
10001111100001
10001101001101
10001011000101
10001001000111
10000111010110
10000101110001
10000100010111
10000011001010
10000010001001
10000001010101
10000000101101
10000000010010
10000000000011
10000000000001
10000000001100
10000000100011
10000001000110
10000001110111
10000010110011
10000011111100
10000101010010
10000110110011
10001000100000
10001010011010
10001100011110
10001110101110
10010001001010
10010011110000
10010110100001
10011001011100
10011100100010
10011111110001
10100011001010
10100110101100
10101010010111
10101110001010
10110010000101
10110110001000
10111010010010
10111110100100
11000010111011
11000111011001
11001011111100
11010000100101
11010101010010
11011010000011
11011110111000
11100011110000
11101000101011
11101101101001
11110010101000
11110111101000
11111100101010
00000001101011
00000110101101
00001011101110
00010000101101
00010101101011
00011010100111
00011111100000
00100100010111
00101001001001
00101101111000
00110010100010
00110111000111
00111011100110
01000000000000
01000100010011
01001000100000
01001100100101
01010000100011
01010100011001
01011000000111
01011011101100
01011111001000
01100010011010
01100101100011
01101000100010
01101011010110
01101110000000
01110000011111
01110010110011
01110100111011
01110110111001
01111000101010
01111010001111
01111011101001
01111100110110
01111101110111
01111110101011
01111111010011
01111111101110
01111111111101
01111111111111
01111111110100
01111111011101
01111110111010
01111110001001
01111101001101
01111100000100
01111010101110
01111001001101
01110111100000
01110101100110
01110011100010
01110001010010
01101110110110
01101100010000
01101001011111
01100110100100
01100011011110
01100000001111
01011100110110
01011001010100
01010101101001
01010001110110
01001101111011
01001001111000
01000101101110
01000001011100
00111101000101
00111000100111
00110100000100
00101111011011
00101010101110
00100101111101
00100001001000
00011100010000
00010111010101
00010010010111
00001101011000
00001000011000
00000011010110
11111110010101
11111001010011
11110100010010
11101111010011
11101010010101
11100101011001
11100000100000
11011011101001
11010110110111
11010010001000
11001101011110
11001000111001
11000100011010
11000000000000
10111011101101
10110111100000
10110011011011
10101111011101
10101011100111
10100111111001
10100100010100
10100000111000
10011101100110
10011010011101
10010111011110
10010100101010
10010010000000
10001111100001
10001101001101
10001011000101
10001001000111
10000111010110
10000101110001
10000100010111
10000011001010
10000010001001
10000001010101
10000000101101
10000000010010
10000000000011
10000000000001
10000000001100
10000000100011
10000001000110
10000001110111
10000010110011
10000011111100
10000101010010
10000110110011
10001000100000
10001010011010
10001100011110
10001110101110
10010001001010
10010011110000
10010110100001
10011001011100
10011100100010
10011111110001
10100011001010
10100110101100
10101010010111
10101110001010
10110010000101
10110110001000
10111010010010
10111110100100
11000010111011
11000111011001
11001011111100
11010000100101
11010101010010
11011010000011
11011110111000
11100011110000
11101000101011
11101101101001
11110010101000
11110111101000
11111100101010
00000001101011
00000110101101
00001011101110
00010000101101
00010101101011
00011010100111
00011111100000
00100100010111
00101001001001
00101101111000
00110010100010
00110111000111
00111011100110
01000000000000
01000100010011
01001000100000
01001100100101
01010000100011
01010100011001
01011000000111
01011011101100
01011111001000
01100010011010
01100101100011
01101000100010
01101011010110
01101110000000
01110000011111
01110010110011
01110100111011
01110110111001
01111000101010
01111010001111
01111011101001
01111100110110
01111101110111
01111110101011
01111111010011
01111111101110
01111111111101
01111111111111
01111111110100
01111111011101
01111110111010
01111110001001
01111101001101
01111100000100
01111010101110
01111001001101
01110111100000
01110101100110
01110011100010
01110001010010
01101110110110
01101100010000
01101001011111
01100110100100
01100011011110
01100000001111
01011100110110
01011001010100
01010101101001
01010001110110
01001101111011
01001001111000
01000101101110
01000001011100
00111101000101
00111000100111
00110100000100
00101111011011
00101010101110
00100101111101
00100001001000
00011100010000
00010111010101
00010010010111
00001101011000
00001000011000
00000011010110
11111110010101
11111001010011
11110100010010
11101111010011
11101010010101
11100101011001
11100000100000
11011011101001
11010110110111
11010010001000
11001101011110
11001000111001
11000100011010
11000000000000
10111011101101
10110111100000
10110011011011
10101111011101
10101011100111
10100111111001
10100100010100
10100000111000
10011101100110
10011010011101
10010111011110
10010100101010
10010010000000
10001111100001
10001101001101
10001011000101
10001001000111
10000111010110
10000101110001
10000100010111
10000011001010
10000010001001
10000001010101
10000000101101
10000000010010
10000000000011
10000000000001
10000000001100
10000000100011
10000001000110
10000001110111
10000010110011
10000011111100
10000101010010
10000110110011
10001000100000
10001010011010
10001100011110
10001110101110
10010001001010
10010011110000
10010110100001
10011001011100
10011100100010
10011111110001
10100011001010
10100110101100
10101010010111
10101110001010
10110010000101
10110110001000
10111010010010
10111110100100
11000010111011
11000111011001
11001011111100
11010000100101
11010101010010
11011010000011
11011110111000
11100011110000
11101000101011
11101101101001
11110010101000
11110111101000
11111100101010
00000001101011
00000110101101
00001011101110
00010000101101
00010101101011
00011010100111
00011111100000
00100100010111
00101001001001
00101101111000
00110010100010
00110111000111
00111011100110
01000000000000
01000100010011
01001000100000
01001100100101
01010000100011
01010100011001
01011000000111
01011011101100
01011111001000
01100010011010
01100101100011
01101000100010
01101011010110
01101110000000
01110000011111
01110010110011
01110100111011
01110110111001
01111000101010
01111010001111
01111011101001
01111100110110
01111101110111
01111110101011
01111111010011
01111111101110
01111111111101
01111111111111
01111111110100
01111111011101
01111110111010
01111110001001
01111101001101
01111100000100
01111010101110
01111001001101
01110111100000
01110101100110
01110011100010
01110001010010
01101110110110
01101100010000
01101001011111
01100110100100
01100011011110
01100000001111
01011100110110
01011001010100
01010101101001
01010001110110
01001101111011
01001001111000
01000101101110
01000001011100
00111101000101
00111000100111
00110100000100
00101111011011
00101010101110
00100101111101
00100001001000
00011100010000
00010111010101
00010010010111
00001101011000
00001000011000
00000011010110
11111110010101
11111001010011
11110100010010
11101111010011
11101010010101
11100101011001
11100000100000
11011011101001
11010110110111
11010010001000
11001101011110
11001000111001
11000100011010
11000000000000
10111011101101
10110111100000
10110011011011
10101111011101
10101011100111
10100111111001
10100100010100
10100000111000
10011101100110
10011010011101
10010111011110
10010100101010
10010010000000
10001111100001
10001101001101
10001011000101
10001001000111
10000111010110
10000101110001
10000100010111
10000011001010
10000010001001
10000001010101
10000000101101
10000000010010
10000000000011
10000000000001
10000000001100
10000000100011
10000001000110
10000001110111
10000010110011
10000011111100
10000101010010
10000110110011
10001000100000
10001010011010
10001100011110
10001110101110
10010001001010
10010011110000
10010110100001
10011001011100
10011100100010
10011111110001
10100011001010
10100110101100
10101010010111
10101110001010
10110010000101
10110110001000
10111010010010
10111110100100
11000010111011
11000111011001
11001011111100
11010000100101
11010101010010
11011010000011
11011110111000
11100011110000
11101000101011
11101101101001
11110010101000
11110111101000
11111100101010
00000001101011
00000110101101
00001011101110
00010000101101
00010101101011
00011010100111
00011111100000
00100100010111
00101001001001
00101101111000
00110010100010
00110111000111
00111011100110
01000000000000
01000100010011
01001000100000
01001100100101
01010000100011
01010100011001
01011000000111
01011011101100
01011111001000
01100010011010
01100101100011
01101000100010
01101011010110
01101110000000
01110000011111
01110010110011
01110100111011
01110110111001
01111000101010
01111010001111
01111011101001
01111100110110
01111101110111
01111110101011
01111111010011
01111111101110
01111111111101
01111111111111
01111111110100
01111111011101
01111110111010
01111110001001
01111101001101
01111100000100
01111010101110
01111001001101
01110111100000
01110101100110
01110011100010
01110001010010
01101110110110
01101100010000
01101001011111
01100110100100
01100011011110
01100000001111
01011100110110
01011001010100
01010101101001
01010001110110
01001101111011
01001001111000
01000101101110
01000001011100
00111101000101
00111000100111
00110100000100
00101111011011
00101010101110
00100101111101
00100001001000
00011100010000
00010111010101
00010010010111
00001101011000
00001000011000
00000011010110
11111110010101
11111001010011
11110100010010
11101111010011
11101010010101
11100101011001
11100000100000
11011011101001
11010110110111
11010010001000
11001101011110
11001000111001
11000100011010
11000000000000
10111011101101
10110111100000
10110011011011
10101111011101
10101011100111
10100111111001
10100100010100
10100000111000
10011101100110
10011010011101
10010111011110
10010100101010
10010010000000
10001111100001
10001101001101
10001011000101
10001001000111
10000111010110
10000101110001
10000100010111
10000011001010
10000010001001
10000001010101
10000000101101
10000000010010
10000000000011
10000000000001
10000000001100
10000000100011
10000001000110
10000001110111
10000010110011
10000011111100
10000101010010
10000110110011
10001000100000
10001010011010
10001100011110
10001110101110
10010001001010
10010011110000
10010110100001
10011001011100
10011100100010
10011111110001
10100011001010
10100110101100
10101010010111
10101110001010
10110010000101
10110110001000
10111010010010
10111110100100
11000010111011
11000111011001
11001011111100
11010000100101
11010101010010
11011010000011
11011110111000
11100011110000
11101000101011
11101101101001
11110010101000
11110111101000
11111100101010
00000001101011
00000110101101
00001011101110
00010000101101
00010101101011
00011010100111
00011111100000
00100100010111
00101001001001
00101101111000
00110010100010
00110111000111
00111011100110
01000000000000
01000100010011
01001000100000
01001100100101
01010000100011
01010100011001
01011000000111
01011011101100
01011111001000
01100010011010
01100101100011
01101000100010
01101011010110
01101110000000
01110000011111
01110010110011
01110100111011
01110110111001
01111000101010
01111010001111
01111011101001
01111100110110
01111101110111
01111110101011
01111111010011
01111111101110
01111111111101
01111111111111
01111111110100
01111111011101
01111110111010
01111110001001
01111101001101
01111100000100
01111010101110
01111001001101
01110111100000
01110101100110
01110011100010
01110001010010
01101110110110
01101100010000
01101001011111
01100110100100
01100011011110
01100000001111
01011100110110
01011001010100
01010101101001
01010001110110
01001101111011
01001001111000
01000101101110
01000001011100
00111101000101
00111000100111
00110100000100
00101111011011
00101010101110
00100101111101
00100001001000
00011100010000
00010111010101
00010010010111
00001101011000
00001000011000
00000011010110
11111110010101
11111001010011
11110100010010
11101111010011
11101010010101
11100101011001
11100000100000
11011011101001
11010110110111
11010010001000
11001101011110
11001000111001
11000100011010
11000000000000
10111011101101
10110111100000
10110011011011
10101111011101
10101011100111
10100111111001
10100100010100
10100000111000
10011101100110
10011010011101
10010111011110
10010100101010
10010010000000
10001111100001
10001101001101
10001011000101
10001001000111
10000111010110
10000101110001
10000100010111
10000011001010
10000010001001
10000001010101
10000000101101
10000000010010
10000000000011
10000000000001
10000000001100
10000000100011
10000001000110
10000001110111
10000010110011
10000011111100
10000101010010
10000110110011
10001000100000
10001010011010
10001100011110
10001110101110
10010001001010
10010011110000
10010110100001
10011001011100
10011100100010
10011111110001
10100011001010
10100110101100
10101010010111
10101110001010
10110010000101
10110110001000
10111010010010
10111110100100
11000010111011
11000111011001
11001011111100
11010000100101
11010101010010
11011010000011
11011110111000
11100011110000
11101000101011
11101101101001
11110010101000
11110111101000
11111100101010
00000001101011
00000110101101
00001011101110
00010000101101
00010101101011
00011010100111
00011111100000
00100100010111
00101001001001
00101101111000
00110010100010
00110111000111
00111011100110
01000000000000
01000100010011
01001000100000
01001100100101
01010000100011
01010100011001
01011000000111
01011011101100
01011111001000
01100010011010
01100101100011
01101000100010
01101011010110
01101110000000
01110000011111
01110010110011
01110100111011
01110110111001
01111000101010
01111010001111
01111011101001
01111100110110
01111101110111
01111110101011
01111111010011
01111111101110
01111111111101
01111111111111
01111111110100
01111111011101
01111110111010
01111110001001
01111101001101
01111100000100
01111010101110
01111001001101
01110111100000
01110101100110
01110011100010
01110001010010
01101110110110
01101100010000
01101001011111
01100110100100
01100011011110
01100000001111
01011100110110
01011001010100
01010101101001
01010001110110
01001101111011
01001001111000
01000101101110
01000001011100
00111101000101
00111000100111
00110100000100
00101111011011
00101010101110
00100101111101
00100001001000
00011100010000
00010111010101
00010010010111
00001101011000
00001000011000
00000011010110
11111110010101
11111001010011
11110100010010
11101111010011
11101010010101
11100101011001
11100000100000
11011011101001
11010110110111
11010010001000
11001101011110
11001000111001
11000100011010
11000000000000
10111011101101
10110111100000
10110011011011
10101111011101
10101011100111
10100111111001
10100100010100
10100000111000
10011101100110
10011010011101
10010111011110
10010100101010
10010010000000
10001111100001
10001101001101
10001011000101
10001001000111
10000111010110
10000101110001
10000100010111
10000011001010
10000010001001
10000001010101
10000000101101
10000000010010
10000000000011
10000000000001
10000000001100
10000000100011
10000001000110
10000001110111
10000010110011
10000011111100
10000101010010
10000110110011
10001000100000
10001010011010
10001100011110
10001110101110
10010001001010
10010011110000
10010110100001
10011001011100
10011100100010
10011111110001
10100011001010
10100110101100
10101010010111
10101110001010
10110010000101
10110110001000
10111010010010
10111110100100
11000010111011
11000111011001
11001011111100
11010000100101
11010101010010
11011010000011
11011110111000
11100011110000
11101000101011
11101101101001
11110010101000
11110111101000
11111100101010
00000001101011
00000110101101
00001011101110
00010000101101
00010101101011
00011010100111
00011111100000
00100100010111
00101001001001
00101101111000
00110010100010
00110111000111
00111011100110
01000000000000
01000100010011
01001000100000
01001100100101
01010000100011
01010100011001
01011000000111
01011011101100
01011111001000
01100010011010
01100101100011
01101000100010
01101011010110
01101110000000
01110000011111
01110010110011
01110100111011
01110110111001
01111000101010
01111010001111
01111011101001
01111100110110
01111101110111
01111110101011
01111111010011
01111111101110
01111111111101
01111111111111
01111111110100
01111111011101
01111110111010
01111110001001
01111101001101
01111100000100
01111010101110
01111001001101
01110111100000
01110101100110
01110011100010
01110001010010
01101110110110
01101100010000
01101001011111
01100110100100
01100011011110
01100000001111
01011100110110
01011001010100
01010101101001
01010001110110
01001101111011
01001001111000
01000101101110
01000001011100
00111101000101
00111000100111
00110100000100
00101111011011
00101010101110
00100101111101
00100001001000
00011100010000
00010111010101
00010010010111
00001101011000
00001000011000
00000011010110
11111110010101
11111001010011
11110100010010
11101111010011
11101010010101
11100101011001
11100000100000
11011011101001
11010110110111
11010010001000
11001101011110
11001000111001
11000100011010
11000000000000
10111011101101
10110111100000
10110011011011
10101111011101
10101011100111
10100111111001
10100100010100
10100000111000
10011101100110
10011010011101
10010111011110
10010100101010
10010010000000
10001111100001
10001101001101
10001011000101
10001001000111
10000111010110
10000101110001
10000100010111
10000011001010
10000010001001
10000001010101
10000000101101
10000000010010
10000000000011
10000000000001
10000000001100
10000000100011
10000001000110
10000001110111
10000010110011
10000011111100
10000101010010
10000110110011
10001000100000
10001010011010
10001100011110
10001110101110
10010001001010
10010011110000
10010110100001
10011001011100
10011100100010
10011111110001
10100011001010
10100110101100
10101010010111
10101110001010
10110010000101
10110110001000
10111010010010
10111110100100
11000010111011
11000111011001
11001011111100
11010000100101
11010101010010
11011010000011
11011110111000
11100011110000
11101000101011
11101101101001
11110010101000
11110111101000
11111100101010
00000001101011
00000110101101
00001011101110
00010000101101
00010101101011
00011010100111
00011111100000
00100100010111
00101001001001
00101101111000
00110010100010
00110111000111
00111011100110
01000000000000
01000100010011
01001000100000
01001100100101
01010000100011
01010100011001
01011000000111
01011011101100
01011111001000
01100010011010
01100101100011
01101000100010
01101011010110
01101110000000
01110000011111
01110010110011
01110100111011
01110110111001
01111000101010
01111010001111
01111011101001
01111100110110
01111101110111
01111110101011
01111111010011
01111111101110
01111111111101
01111111111111
01111111110100
01111111011101
01111110111010
01111110001001
01111101001101
01111100000100
01111010101110
01111001001101
01110111100000
01110101100110
01110011100010
01110001010010
01101110110110
01101100010000
01101001011111
01100110100100
01100011011110
01100000001111
01011100110110
01011001010100
01010101101001
01010001110110
01001101111011
01001001111000
01000101101110
01000001011100
00111101000101
00111000100111
00110100000100
00101111011011
00101010101110
00100101111101
00100001001000
00011100010000
00010111010101
00010010010111
00001101011000
00001000011000
00000011010110
11111110010101
11111001010011
11110100010010
11101111010011
11101010010101
11100101011001
11100000100000
11011011101001
11010110110111
11010010001000
11001101011110
11001000111001
11000100011010
11000000000000
10111011101101
10110111100000
10110011011011
10101111011101
10101011100111
10100111111001
10100100010100
10100000111000
10011101100110
10011010011101
10010111011110
10010100101010
10010010000000
10001111100001
10001101001101
10001011000101
10001001000111
10000111010110
10000101110001
10000100010111
10000011001010
10000010001001
10000001010101
10000000101101
10000000010010
10000000000011
10000000000001
10000000001100
10000000100011
10000001000110
10000001110111
10000010110011
10000011111100
10000101010010
10000110110011
10001000100000
10001010011010
10001100011110
10001110101110
10010001001010
10010011110000
10010110100001
10011001011100
10011100100010
10011111110001
10100011001010
10100110101100
10101010010111
10101110001010
10110010000101
10110110001000
10111010010010
10111110100100
11000010111011
11000111011001
11001011111100
11010000100101
11010101010010
11011010000011
11011110111000
11100011110000
11101000101011
11101101101001
11110010101000
11110111101000
11111100101010
00000001101011
00000110101101
00001011101110
00010000101101
00010101101011
00011010100111
00011111100000
00100100010111
00101001001001
00101101111000
00110010100010
00110111000111
00111011100110
01000000000000
01000100010011
01001000100000
01001100100101
01010000100011
01010100011001
01011000000111
01011011101100
01011111001000
01100010011010
01100101100011
01101000100010
01101011010110
01101110000000
01110000011111
01110010110011
01110100111011
01110110111001
01111000101010
01111010001111
01111011101001
01111100110110
01111101110111
01111110101011
01111111010011
01111111101110
01111111111101
01111111111111
01111111110100
01111111011101
01111110111010
01111110001001
01111101001101
01111100000100
01111010101110
01111001001101
01110111100000
01110101100110
01110011100010
01110001010010
01101110110110
01101100010000
01101001011111
01100110100100
01100011011110
01100000001111
01011100110110
01011001010100
01010101101001
01010001110110
01001101111011
01001001111000
01000101101110
01000001011100
00111101000101
00111000100111
00110100000100
00101111011011
00101010101110
00100101111101
00100001001000
00011100010000
00010111010101
00010010010111
00001101011000
00001000011000
00000011010110
11111110010101
11111001010011
11110100010010
11101111010011
11101010010101
11100101011001
11100000100000
11011011101001
11010110110111
11010010001000
11001101011110
11001000111001
11000100011010
11000000000000
10111011101101
10110111100000
10110011011011
10101111011101
10101011100111
10100111111001
10100100010100
10100000111000
10011101100110
10011010011101
10010111011110
10010100101010
10010010000000
10001111100001
10001101001101
10001011000101
10001001000111
10000111010110
10000101110001
10000100010111
10000011001010
10000010001001
10000001010101
10000000101101
10000000010010
10000000000011
10000000000001
10000000001100
10000000100011
10000001000110
10000001110111
10000010110011
10000011111100
10000101010010
10000110110011
10001000100000
10001010011010
10001100011110
10001110101110
10010001001010
10010011110000
10010110100001
10011001011100
10011100100010
10011111110001
10100011001010
10100110101100
10101010010111
10101110001010
10110010000101
10110110001000
10111010010010
10111110100100
11000010111011
11000111011001
11001011111100
11010000100101
11010101010010
11011010000011
11011110111000
11100011110000
11101000101011
11101101101001
11110010101000
11110111101000
11111100101010
00000001101011
00000110101101
00001011101110
00010000101101
00010101101011
00011010100111
00011111100000
00100100010111
00101001001001
00101101111000
00110010100010
00110111000111
00111011100110
01000000000000
01000100010011
01001000100000
01001100100101
01010000100011
01010100011001
01011000000111
01011011101100
01011111001000
01100010011010
01100101100011
01101000100010
01101011010110
01101110000000
01110000011111
01110010110011
01110100111011
01110110111001
01111000101010
01111010001111
01111011101001
01111100110110
01111101110111
01111110101011
01111111010011
01111111101110
01111111111101
01111111111111
01111111110100
01111111011101
01111110111010
01111110001001
01111101001101
01111100000100
01111010101110
01111001001101
01110111100000
01110101100110
01110011100010
01110001010010
01101110110110
01101100010000
01101001011111
01100110100100
01100011011110
01100000001111
01011100110110
01011001010100
01010101101001
01010001110110
01001101111011
01001001111000
01000101101110
01000001011100
00111101000101
00111000100111
00110100000100
00101111011011
00101010101110
00100101111101
00100001001000
00011100010000
00010111010101
00010010010111
00001101011000
00001000011000
00000011010110
11111110010101
11111001010011
11110100010010
11101111010011
11101010010101
11100101011001
11100000100000
11011011101001
11010110110111
11010010001000
11001101011110
11001000111001
11000100011010
11000000000000
10111011101101
10110111100000
10110011011011
10101111011101
10101011100111
10100111111001
10100100010100
10100000111000
10011101100110
10011010011101
10010111011110
10010100101010
10010010000000
10001111100001
10001101001101
10001011000101
10001001000111
10000111010110
10000101110001
10000100010111
10000011001010
10000010001001
10000001010101
10000000101101
10000000010010
10000000000011
10000000000001
10000000001100
10000000100011
10000001000110
10000001110111
10000010110011
10000011111100
10000101010010
10000110110011
10001000100000
10001010011010
10001100011110
10001110101110
10010001001010
10010011110000
10010110100001
10011001011100
10011100100010
10011111110001
10100011001010
10100110101100
10101010010111
10101110001010
10110010000101
10110110001000
10111010010010
10111110100100
11000010111011
11000111011001
11001011111100
11010000100101
11010101010010
11011010000011
11011110111000
11100011110000
11101000101011
11101101101001
11110010101000
11110111101000
11111100101010
00000001101011
00000110101101
00001011101110
00010000101101
00010101101011
00011010100111
00011111100000
00100100010111
00101001001001
00101101111000
00110010100010
00110111000111
00111011100110
01000000000000
01000100010011
01001000100000
01001100100101
01010000100011
01010100011001
01011000000111
01011011101100
01011111001000
01100010011010
01100101100011
01101000100010
01101011010110
01101110000000
01110000011111
01110010110011
01110100111011
01110110111001
01111000101010
01111010001111
01111011101001
01111100110110
01111101110111
01111110101011
01111111010011
01111111101110
01111111111101
01111111111111
01111111110100
01111111011101
01111110111010
01111110001001
01111101001101
01111100000100
01111010101110
01111001001101
01110111100000
01110101100110
01110011100010
01110001010010
01101110110110
01101100010000
01101001011111
01100110100100
01100011011110
01100000001111
01011100110110
01011001010100
01010101101001
01010001110110
01001101111011
01001001111000
01000101101110
01000001011100
00111101000101
00111000100111
00110100000100
00101111011011
00101010101110
00100101111101
00100001001000
00011100010000
00010111010101
00010010010111
00001101011000
00001000011000
00000011010110
11111110010101
11111001010011
11110100010010
11101111010011
11101010010101
11100101011001
11100000100000
11011011101001
11010110110111
11010010001000
11001101011110
11001000111001
11000100011010
11000000000000
10111011101101
10110111100000
10110011011011
10101111011101
10101011100111
10100111111001
10100100010100
10100000111000
10011101100110
10011010011101
10010111011110
10010100101010
10010010000000
10001111100001
10001101001101
10001011000101
10001001000111
10000111010110
10000101110001
10000100010111
10000011001010
10000010001001
10000001010101
10000000101101
10000000010010
10000000000011
10000000000001
10000000001100
10000000100011
10000001000110
10000001110111
10000010110011
10000011111100
10000101010010
10000110110011
10001000100000
10001010011010
10001100011110
10001110101110
10010001001010
10010011110000
10010110100001
10011001011100
10011100100010
10011111110001
10100011001010
10100110101100
10101010010111
10101110001010
10110010000101
10110110001000
10111010010010
10111110100100
11000010111011
11000111011001
11001011111100
11010000100101
11010101010010
11011010000011
11011110111000
11100011110000
11101000101011
11101101101001
11110010101000
11110111101000
11111100101010
00000001101011
00000110101101
00001011101110
00010000101101
00010101101011
00011010100111
00011111100000
00100100010111
00101001001001
00101101111000
00110010100010
00110111000111
00111011100110
01000000000000
01000100010011
01001000100000
01001100100101
01010000100011
01010100011001
01011000000111
01011011101100
01011111001000
01100010011010
01100101100011
01101000100010
01101011010110
01101110000000
01110000011111
01110010110011
01110100111011
01110110111001
01111000101010
01111010001111
01111011101001
01111100110110
01111101110111
01111110101011
01111111010011
01111111101110
01111111111101
01111111111111
01111111110100
01111111011101
01111110111010
01111110001001
01111101001101
01111100000100
01111010101110
01111001001101
01110111100000
01110101100110
01110011100010
01110001010010
01101110110110
01101100010000
01101001011111
01100110100100
01100011011110
01100000001111
01011100110110
01011001010100
01010101101001
01010001110110
01001101111011
01001001111000
01000101101110
01000001011100
00111101000101
00111000100111
00110100000100
00101111011011
00101010101110
00100101111101
00100001001000
00011100010000
00010111010101
00010010010111
00001101011000
00001000011000
00000011010110
11111110010101
11111001010011
11110100010010
11101111010011
11101010010101
11100101011001
11100000100000
11011011101001
11010110110111
11010010001000
11001101011110
11001000111001
11000100011010
11000000000000
10111011101101
10110111100000
10110011011011
10101111011101
10101011100111
10100111111001
10100100010100
10100000111000
10011101100110
10011010011101
10010111011110
10010100101010
10010010000000
10001111100001
10001101001101
10001011000101
10001001000111
10000111010110
10000101110001
10000100010111
10000011001010
10000010001001
10000001010101
10000000101101
10000000010010
10000000000011
10000000000001
10000000001100
10000000100011
10000001000110
10000001110111
10000010110011
10000011111100
10000101010010
10000110110011
10001000100000
10001010011010
10001100011110
10001110101110
10010001001010
10010011110000
10010110100001
10011001011100
10011100100010
10011111110001
10100011001010
10100110101100
10101010010111
10101110001010
10110010000101
10110110001000
10111010010010
10111110100100
11000010111011
11000111011001
11001011111100
11010000100101
11010101010010
11011010000011
11011110111000
11100011110000
11101000101011
11101101101001
11110010101000
11110111101000
11111100101010
00000001101011
00000110101101
00001011101110
00010000101101
00010101101011
00011010100111
00011111100000
00100100010111
00101001001001
00101101111000
00110010100010
00110111000111
00111011100110
01000000000000
01000100010011
01001000100000
01001100100101
01010000100011
01010100011001
01011000000111
01011011101100
01011111001000
01100010011010
01100101100011
01101000100010
01101011010110
01101110000000
01110000011111
01110010110011
01110100111011
01110110111001
01111000101010
01111010001111
01111011101001
01111100110110
01111101110111
01111110101011
01111111010011
01111111101110
01111111111101
01111111111111
01111111110100
01111111011101
01111110111010
01111110001001
01111101001101
01111100000100
01111010101110
01111001001101
01110111100000
01110101100110
01110011100010
01110001010010
01101110110110
01101100010000
01101001011111
01100110100100
01100011011110
01100000001111
01011100110110
01011001010100
01010101101001
01010001110110
01001101111011
01001001111000
01000101101110
01000001011100
00111101000101
00111000100111
00110100000100
00101111011011
00101010101110
00100101111101
00100001001000
00011100010000
00010111010101
00010010010111
00001101011000
00001000011000
00000011010110
11111110010101
11111001010011
11110100010010
11101111010011
11101010010101
11100101011001
11100000100000
11011011101001
11010110110111
11010010001000
11001101011110
11001000111001
11000100011010
11000000000000
10111011101101
10110111100000
10110011011011
10101111011101
10101011100111
10100111111001
10100100010100
10100000111000
10011101100110
10011010011101
10010111011110
10010100101010
10010010000000
10001111100001
10001101001101
10001011000101
10001001000111
10000111010110
10000101110001
10000100010111
10000011001010
10000010001001
10000001010101
10000000101101
10000000010010
10000000000011
10000000000001
10000000001100
10000000100011
10000001000110
10000001110111
10000010110011
10000011111100
10000101010010
10000110110011
10001000100000
10001010011010
10001100011110
10001110101110
10010001001010
10010011110000
10010110100001
10011001011100
10011100100010
10011111110001
10100011001010
10100110101100
10101010010111
10101110001010
10110010000101
10110110001000
10111010010010
10111110100100
11000010111011
11000111011001
11001011111100
11010000100101
11010101010010
11011010000011
11011110111000
11100011110000
11101000101011
11101101101001
11110010101000
11110111101000
11111100101010
00000001101011
00000110101101
00001011101110
00010000101101
00010101101011
00011010100111
00011111100000
00100100010111
00101001001001
00101101111000
00110010100010
00110111000111
00111011100110
01000000000000
01000100010011
01001000100000
01001100100101
01010000100011
01010100011001
01011000000111
01011011101100
01011111001000
01100010011010
01100101100011
01101000100010
01101011010110
01101110000000
01110000011111
01110010110011
01110100111011
01110110111001
01111000101010
01111010001111
01111011101001
01111100110110
01111101110111
01111110101011
01111111010011
01111111101110
01111111111101
01111111111111
01111111110100
01111111011101
01111110111010
01111110001001
01111101001101
01111100000100
01111010101110
01111001001101
01110111100000
01110101100110
01110011100010
01110001010010
01101110110110
01101100010000
01101001011111
01100110100100
01100011011110
01100000001111
01011100110110
01011001010100
01010101101001
01010001110110
01001101111011
01001001111000
01000101101110
01000001011100
00111101000101
00111000100111
00110100000100
00101111011011
00101010101110
00100101111101
00100001001000
00011100010000
00010111010101
00010010010111
00001101011000
00001000011000
00000011010110
11111110010101
11111001010011
11110100010010
11101111010011
11101010010101
11100101011001
11100000100000
11011011101001
11010110110111
11010010001000
11001101011110
11001000111001
11000100011010
11000000000000
10111011101101
10110111100000
10110011011011
10101111011101
10101011100111
10100111111001
10100100010100
10100000111000
10011101100110
10011010011101
10010111011110
10010100101010
10010010000000
10001111100001
10001101001101
10001011000101
10001001000111
10000111010110
10000101110001
10000100010111
10000011001010
10000010001001
10000001010101
10000000101101
10000000010010
10000000000011
10000000000001
10000000001100
10000000100011
10000001000110
10000001110111
10000010110011
10000011111100
10000101010010
10000110110011
10001000100000
10001010011010
10001100011110
10001110101110
10010001001010
10010011110000
10010110100001
10011001011100
10011100100010
10011111110001
10100011001010
10100110101100
10101010010111
10101110001010
10110010000101
10110110001000
10111010010010
10111110100100
11000010111011
11000111011001
11001011111100
11010000100101
11010101010010
11011010000011
11011110111000
11100011110000
11101000101011
11101101101001
11110010101000
11110111101000
11111100101010
00000001101011
00000110101101
00001011101110
00010000101101
00010101101011
00011010100111
00011111100000
00100100010111
00101001001001
00101101111000
00110010100010
00110111000111
00111011100110
01000000000000
01000100010011
01001000100000
01001100100101
01010000100011
01010100011001
01011000000111
01011011101100
01011111001000
01100010011010
01100101100011
01101000100010
01101011010110
01101110000000
01110000011111
01110010110011
01110100111011
01110110111001
01111000101010
01111010001111
01111011101001
01111100110110
01111101110111
01111110101011
01111111010011
01111111101110
01111111111101
01111111111111
01111111110100
01111111011101
01111110111010
01111110001001
01111101001101
01111100000100
01111010101110
01111001001101
01110111100000
01110101100110
01110011100010
01110001010010
01101110110110
01101100010000
01101001011111
01100110100100
01100011011110
01100000001111
01011100110110
01011001010100
01010101101001
01010001110110
01001101111011
01001001111000
01000101101110
01000001011100
00111101000101
00111000100111
00110100000100
00101111011011
00101010101110
00100101111101
00100001001000
00011100010000
00010111010101
00010010010111
00001101011000
00001000011000
00000011010110
11111110010101
11111001010011
11110100010010
11101111010011
11101010010101
11100101011001
11100000100000
11011011101001
11010110110111
11010010001000
11001101011110
11001000111001
11000100011010
11000000000000
10111011101101
10110111100000
10110011011011
10101111011101
10101011100111
10100111111001
10100100010100
10100000111000
10011101100110
10011010011101
10010111011110
10010100101010
10010010000000
10001111100001
10001101001101
10001011000101
10001001000111
10000111010110
10000101110001
10000100010111
10000011001010
10000010001001
10000001010101
10000000101101
10000000010010
10000000000011
10000000000001
10000000001100
10000000100011
10000001000110
10000001110111
10000010110011
10000011111100
10000101010010
10000110110011
10001000100000
10001010011010
10001100011110
10001110101110
10010001001010
10010011110000
10010110100001
10011001011100
10011100100010
10011111110001
10100011001010
10100110101100
10101010010111
10101110001010
10110010000101
10110110001000
10111010010010
10111110100100
11000010111011
11000111011001
11001011111100
11010000100101
11010101010010
11011010000011
11011110111000
11100011110000
11101000101011
11101101101001
11110010101000
11110111101000
11111100101010
00000001101011
00000110101101
00001011101110
00010000101101
00010101101011
00011010100111
00011111100000
00100100010111
00101001001001
00101101111000
00110010100010
00110111000111
00111011100110
01000000000000
01000100010011
01001000100000
01001100100101
01010000100011
01010100011001
01011000000111
01011011101100
01011111001000
01100010011010
01100101100011
01101000100010
01101011010110
01101110000000
01110000011111
01110010110011
01110100111011
01110110111001
01111000101010
01111010001111
01111011101001
01111100110110
01111101110111
01111110101011
01111111010011
01111111101110
01111111111101
01111111111111
01111111110100
01111111011101
01111110111010
01111110001001
01111101001101
01111100000100
01111010101110
01111001001101
01110111100000
01110101100110
01110011100010
01110001010010
01101110110110
01101100010000
01101001011111
01100110100100
01100011011110
01100000001111
01011100110110
01011001010100
01010101101001
01010001110110
01001101111011
01001001111000
01000101101110
01000001011100
00111101000101
00111000100111
00110100000100
00101111011011
00101010101110
00100101111101
00100001001000
00011100010000
00010111010101
00010010010111
00001101011000
00001000011000
00000011010110
11111110010101
11111001010011
11110100010010
11101111010011
11101010010101
11100101011001
11100000100000
11011011101001
11010110110111
11010010001000
11001101011110
11001000111001
11000100011010
11000000000000
10111011101101
10110111100000
10110011011011
10101111011101
10101011100111
10100111111001
10100100010100
10100000111000
10011101100110
10011010011101
10010111011110
10010100101010
10010010000000
10001111100001
10001101001101
10001011000101
10001001000111
10000111010110
10000101110001
10000100010111
10000011001010
10000010001001
10000001010101
10000000101101
10000000010010
10000000000011
10000000000001
10000000001100
10000000100011
10000001000110
10000001110111
10000010110011
10000011111100
10000101010010
10000110110011
10001000100000
10001010011010
10001100011110
10001110101110
10010001001010
10010011110000
10010110100001
10011001011100
10011100100010
10011111110001
10100011001010
10100110101100
10101010010111
10101110001010
10110010000101
10110110001000
10111010010010
10111110100100
11000010111011
11000111011001
11001011111100
11010000100101
11010101010010
11011010000011
11011110111000
11100011110000
11101000101011
11101101101001
11110010101000
11110111101000
11111100101010
00000001101011
00000110101101
00001011101110
00010000101101
00010101101011
00011010100111
00011111100000
00100100010111
00101001001001
00101101111000
00110010100010
00110111000111
00111011100110
01000000000000
01000100010011
01001000100000
01001100100101
01010000100011
01010100011001
01011000000111
01011011101100
01011111001000
01100010011010
01100101100011
01101000100010
01101011010110
01101110000000
01110000011111
01110010110011
01110100111011
01110110111001
01111000101010
01111010001111
01111011101001
01111100110110
01111101110111
01111110101011
01111111010011
01111111101110
01111111111101
01111111111111
01111111110100
01111111011101
01111110111010
01111110001001
01111101001101
01111100000100
01111010101110
01111001001101
01110111100000
01110101100110
01110011100010
01110001010010
01101110110110
01101100010000
01101001011111
01100110100100
01100011011110
01100000001111
01011100110110
01011001010100
01010101101001
01010001110110
01001101111011
01001001111000
01000101101110
01000001011100
00111101000101
00111000100111
00110100000100
00101111011011
00101010101110
00100101111101
00100001001000
00011100010000
00010111010101
00010010010111
00001101011000
00001000011000
00000011010110
11111110010101
11111001010011
11110100010010
11101111010011
11101010010101
11100101011001
11100000100000
11011011101001
11010110110111
11010010001000
11001101011110
11001000111001
11000100011010
11000000000000
10111011101101
10110111100000
10110011011011
10101111011101
10101011100111
10100111111001
10100100010100
10100000111000
10011101100110
10011010011101
10010111011110
10010100101010
10010010000000
10001111100001
10001101001101
10001011000101
10001001000111
10000111010110
10000101110001
10000100010111
10000011001010
10000010001001
10000001010101
10000000101101
10000000010010
10000000000011
10000000000001
10000000001100
10000000100011
10000001000110
10000001110111
10000010110011
10000011111100
10000101010010
10000110110011
10001000100000
10001010011010
10001100011110
10001110101110
