10010001001010
10010011001110
10010101011001
10010111101011
10011010000011
10011100100010
10011111000111
10100001110010
10100100100011
10100111011010
10101010010111
10101101011001
10110000100000
10110011101100
10110110111101
10111010010011
10111101101101
11000001001011
11000100101101
11001000010011
11001011111100
11001111101001
11010011011001
11010111001011
11011011000000
11011110111000
11100010110001
11100110101101
11101010101010
11101110101000
11110010101000
11110110101000
11111010101001
11111110101010
00000010101100
00000110101101
00001010101101
00001110101110
00010010101101
00010110101011
00011010100111
00011110100010
00100010011011
00100110010010
00101010000110
00101101111000
00110001100110
00110101010010
00111000111010
00111100011111
01000000000000
01000011011101
01000110110101
01001010001001
01001101011001
01010000100011
01010011101000
01010110101001
01011001100011
01011100011000
01011111000111
01100001110001
01100100010100
01100110110000
01101001000110
01101011010110
01101101011111
01101111100001
01110001011011
01110011001111
01110100111011
01110110100000
01110111111110
01111001010100
01111010100010
01111011101000
01111100100111
01111101011110
01111110001101
01111110110100
01111111010011
01111111101001
01111111111000
01111111111111
01111111111110
01111111110100
01111111100011
01111111001001
01111110101000
01111101111110
01111101001100
01111100010011
01111011010010
01111010001001
01111000111000
01110111011111
01110101111111
01110100011000
01110010101001
01110000110011
01101110110110
01101100110010
01101010100111
01101000010101
01100101111101
01100011011110
01100000111001
01011110001110
01011011011101
01011000100110
01010101101001
01010010100111
01001111100000
01001100010100
01001001000011
01000101101101
01000010010011
00111110110101
00111011010011
00110111101101
00110100000100
00110000010111
00101100100111
00101000110101
00100101000000
00100001001000
00011101001111
00011001010011
00010101010110
00010001011000
00001101011000
00001001011000
00000101010111
00000001010110
11111101010100
11111001010011
11110101010011
11110001010010
11101101010011
11101001010101
11100101011001
11100001011110
11011101100101
11011001101110
11010101111010
11010010001000
11001110011010
11001010101110
11000111000110
11000011100001
11000000000000
10111100100011
10111001001011
10110101110111
10110010100111
10101111011101
10101100011000
10101001010111
10100110011101
10100011101000
10100000111001
10011110001111
10011011101100
10011001010000
10010110111010
10010100101010
10010010100001
10010000011111
10001110100101
10001100110001
10001011000101
10001001100000
10001000000010
10000110101100
10000101011110
10000100011000
10000011011001
10000010100010
10000001110011
10000001001100
10000000101101
10000000010111
10000000001000
10000000000001
10000000000010
10000000001100
10000000011101
10000000110111
10000001011000
10000010000010
10000010110100
10000011101101
10000100101110
10000101110111
10000111001000
10001000100001
10001010000001
10001011101000
10001101010111
10001111001101
10010001001010
10010011001110
10010101011001
10010111101011
10011010000011
10011100100010
10011111000111
10100001110010
10100100100011
10100111011010
10101010010111
10101101011001
10110000100000
10110011101100
10110110111101
10111010010011
10111101101101
11000001001011
11000100101101
11001000010011
11001011111100
11001111101001
11010011011001
11010111001011
11011011000000
11011110111000
11100010110001
11100110101101
11101010101010
11101110101000
11110010101000
11110110101000
11111010101001
11111110101010
00000010101100
00000110101101
00001010101101
00001110101110
00010010101101
00010110101011
00011010100111
00011110100010
00100010011011
00100110010010
00101010000110
00101101111000
00110001100110
00110101010010
00111000111010
00111100011111
01000000000000
01000011011101
01000110110101
01001010001001
01001101011001
01010000100011
01010011101000
01010110101001
01011001100011
01011100011000
01011111000111
01100001110001
01100100010100
01100110110000
01101001000110
01101011010110
01101101011111
01101111100001
01110001011011
01110011001111
01110100111011
01110110100000
01110111111110
01111001010100
01111010100010
01111011101000
01111100100111
01111101011110
01111110001101
01111110110100
01111111010011
01111111101001
01111111111000
01111111111111
01111111111110
01111111110100
01111111100011
01111111001001
01111110101000
01111101111110
01111101001100
01111100010011
01111011010010
01111010001001
01111000111000
01110111011111
01110101111111
01110100011000
01110010101001
01110000110011
01101110110110
01101100110010
01101010100111
01101000010101
01100101111101
01100011011110
01100000111001
01011110001110
01011011011101
01011000100110
01010101101001
01010010100111
01001111100000
01001100010100
01001001000011
01000101101101
01000010010011
00111110110101
00111011010011
00110111101101
00110100000100
00110000010111
00101100100111
00101000110101
00100101000000
00100001001000
00011101001111
00011001010011
00010101010110
00010001011000
00001101011000
00001001011000
00000101010111
00000001010110
11111101010100
11111001010011
11110101010011
11110001010010
11101101010011
11101001010101
11100101011001
11100001011110
11011101100101
11011001101110
11010101111010
11010010001000
11001110011010
11001010101110
11000111000110
11000011100001
11000000000000
10111100100011
10111001001011
10110101110111
10110010100111
10101111011101
10101100011000
10101001010111
10100110011101
10100011101000
10100000111001
10011110001111
10011011101100
10011001010000
10010110111010
10010100101010
10010010100001
10010000011111
10001110100101
10001100110001
10001011000101
10001001100000
10001000000010
10000110101100
10000101011110
10000100011000
10000011011001
10000010100010
10000001110011
10000001001100
10000000101101
10000000010111
10000000001000
10000000000001
10000000000010
10000000001100
10000000011101
10000000110111
10000001011000
10000010000010
10000010110100
10000011101101
10000100101110
10000101110111
10000111001000
10001000100001
10001010000001
10001011101000
10001101010111
10001111001101
10010001001010
10010011001110
10010101011001
10010111101011
10011010000011
10011100100010
10011111000111
10100001110010
10100100100011
10100111011010
10101010010111
10101101011001
10110000100000
10110011101100
10110110111101
10111010010011
10111101101101
11000001001011
11000100101101
11001000010011
11001011111100
11001111101001
11010011011001
11010111001011
11011011000000
11011110111000
11100010110001
11100110101101
11101010101010
11101110101000
11110010101000
11110110101000
11111010101001
11111110101010
00000010101100
00000110101101
00001010101101
00001110101110
00010010101101
00010110101011
00011010100111
00011110100010
00100010011011
00100110010010
00101010000110
00101101111000
00110001100110
00110101010010
00111000111010
00111100011111
01000000000000
01000011011101
01000110110101
01001010001001
01001101011001
01010000100011
01010011101000
01010110101001
01011001100011
01011100011000
01011111000111
01100001110001
01100100010100
01100110110000
01101001000110
01101011010110
01101101011111
01101111100001
01110001011011
01110011001111
01110100111011
01110110100000
01110111111110
01111001010100
01111010100010
01111011101000
01111100100111
01111101011110
01111110001101
01111110110100
01111111010011
01111111101001
01111111111000
01111111111111
01111111111110
01111111110100
01111111100011
01111111001001
01111110101000
01111101111110
01111101001100
01111100010011
01111011010010
01111010001001
01111000111000
01110111011111
01110101111111
01110100011000
01110010101001
01110000110011
01101110110110
01101100110010
01101010100111
01101000010101
01100101111101
01100011011110
01100000111001
01011110001110
01011011011101
01011000100110
01010101101001
01010010100111
01001111100000
01001100010100
01001001000011
01000101101101
01000010010011
00111110110101
00111011010011
00110111101101
00110100000100
00110000010111
00101100100111
00101000110101
00100101000000
00100001001000
00011101001111
00011001010011
00010101010110
00010001011000
00001101011000
00001001011000
00000101010111
00000001010110
11111101010100
11111001010011
11110101010011
11110001010010
11101101010011
11101001010101
11100101011001
11100001011110
11011101100101
11011001101110
11010101111010
11010010001000
11001110011010
11001010101110
11000111000110
11000011100001
11000000000000
10111100100011
10111001001011
10110101110111
10110010100111
10101111011101
10101100011000
10101001010111
10100110011101
10100011101000
10100000111001
10011110001111
10011011101100
10011001010000
10010110111010
10010100101010
10010010100001
10010000011111
10001110100101
10001100110001
10001011000101
10001001100000
10001000000010
10000110101100
10000101011110
10000100011000
10000011011001
10000010100010
10000001110011
10000001001100
10000000101101
10000000010111
10000000001000
10000000000001
10000000000010
10000000001100
10000000011101
10000000110111
10000001011000
10000010000010
10000010110100
10000011101101
10000100101110
10000101110111
10000111001000
10001000100001
10001010000001
10001011101000
10001101010111
10001111001101
10010001001010
10010011001110
10010101011001
10010111101011
10011010000011
10011100100010
10011111000111
10100001110010
10100100100011
10100111011010
10101010010111
10101101011001
10110000100000
10110011101100
10110110111101
10111010010011
10111101101101
11000001001011
11000100101101
11001000010011
11001011111100
11001111101001
11010011011001
11010111001011
11011011000000
11011110111000
11100010110001
11100110101101
11101010101010
11101110101000
11110010101000
11110110101000
11111010101001
11111110101010
00000010101100
00000110101101
00001010101101
00001110101110
00010010101101
00010110101011
00011010100111
00011110100010
00100010011011
00100110010010
00101010000110
00101101111000
00110001100110
00110101010010
00111000111010
00111100011111
01000000000000
01000011011101
01000110110101
01001010001001
01001101011001
01010000100011
01010011101000
01010110101001
01011001100011
01011100011000
01011111000111
01100001110001
01100100010100
01100110110000
01101001000110
01101011010110
01101101011111
01101111100001
01110001011011
01110011001111
01110100111011
01110110100000
01110111111110
01111001010100
01111010100010
01111011101000
01111100100111
01111101011110
01111110001101
01111110110100
01111111010011
01111111101001
01111111111000
01111111111111
01111111111110
01111111110100
01111111100011
01111111001001
01111110101000
01111101111110
01111101001100
01111100010011
01111011010010
01111010001001
01111000111000
01110111011111
01110101111111
01110100011000
01110010101001
01110000110011
01101110110110
01101100110010
01101010100111
01101000010101
01100101111101
01100011011110
01100000111001
01011110001110
01011011011101
01011000100110
01010101101001
01010010100111
01001111100000
01001100010100
01001001000011
01000101101101
01000010010011
00111110110101
00111011010011
00110111101101
00110100000100
00110000010111
00101100100111
00101000110101
00100101000000
00100001001000
00011101001111
00011001010011
00010101010110
00010001011000
00001101011000
00001001011000
00000101010111
00000001010110
11111101010100
11111001010011
11110101010011
11110001010010
11101101010011
11101001010101
11100101011001
11100001011110
11011101100101
11011001101110
11010101111010
11010010001000
11001110011010
11001010101110
11000111000110
11000011100001
11000000000000
10111100100011
10111001001011
10110101110111
10110010100111
10101111011101
10101100011000
10101001010111
10100110011101
10100011101000
10100000111001
10011110001111
10011011101100
10011001010000
10010110111010
10010100101010
10010010100001
10010000011111
10001110100101
10001100110001
10001011000101
10001001100000
10001000000010
10000110101100
10000101011110
10000100011000
10000011011001
10000010100010
10000001110011
10000001001100
10000000101101
10000000010111
10000000001000
10000000000001
10000000000010
10000000001100
10000000011101
10000000110111
10000001011000
10000010000010
10000010110100
10000011101101
10000100101110
10000101110111
10000111001000
10001000100001
10001010000001
10001011101000
10001101010111
10001111001101
10010001001010
10010011001110
10010101011001
10010111101011
10011010000011
10011100100010
10011111000111
10100001110010
10100100100011
10100111011010
10101010010111
10101101011001
10110000100000
10110011101100
10110110111101
10111010010011
10111101101101
11000001001011
11000100101101
11001000010011
11001011111100
11001111101001
11010011011001
11010111001011
11011011000000
11011110111000
11100010110001
11100110101101
11101010101010
11101110101000
11110010101000
11110110101000
11111010101001
11111110101010
00000010101100
00000110101101
00001010101101
00001110101110
00010010101101
00010110101011
00011010100111
00011110100010
00100010011011
00100110010010
00101010000110
00101101111000
00110001100110
00110101010010
00111000111010
00111100011111
01000000000000
01000011011101
01000110110101
01001010001001
01001101011001
01010000100011
01010011101000
01010110101001
01011001100011
01011100011000
01011111000111
01100001110001
01100100010100
01100110110000
01101001000110
01101011010110
01101101011111
01101111100001
01110001011011
01110011001111
01110100111011
01110110100000
01110111111110
01111001010100
01111010100010
01111011101000
01111100100111
01111101011110
01111110001101
01111110110100
01111111010011
01111111101001
01111111111000
01111111111111
01111111111110
01111111110100
01111111100011
01111111001001
01111110101000
01111101111110
01111101001100
01111100010011
01111011010010
01111010001001
01111000111000
01110111011111
01110101111111
01110100011000
01110010101001
01110000110011
01101110110110
01101100110010
01101010100111
01101000010101
01100101111101
01100011011110
01100000111001
01011110001110
01011011011101
01011000100110
01010101101001
01010010100111
01001111100000
01001100010100
01001001000011
01000101101101
01000010010011
00111110110101
00111011010011
00110111101101
00110100000100
00110000010111
00101100100111
00101000110101
00100101000000
00100001001000
00011101001111
00011001010011
00010101010110
00010001011000
00001101011000
00001001011000
00000101010111
00000001010110
11111101010100
11111001010011
11110101010011
11110001010010
11101101010011
11101001010101
11100101011001
11100001011110
11011101100101
11011001101110
11010101111010
11010010001000
11001110011010
11001010101110
11000111000110
11000011100001
11000000000000
10111100100011
10111001001011
10110101110111
10110010100111
10101111011101
10101100011000
10101001010111
10100110011101
10100011101000
10100000111001
10011110001111
10011011101100
10011001010000
10010110111010
10010100101010
10010010100001
10010000011111
10001110100101
10001100110001
10001011000101
10001001100000
10001000000010
10000110101100
10000101011110
10000100011000
10000011011001
10000010100010
10000001110011
10000001001100
10000000101101
10000000010111
10000000001000
10000000000001
10000000000010
10000000001100
10000000011101
10000000110111
10000001011000
10000010000010
10000010110100
10000011101101
10000100101110
10000101110111
10000111001000
10001000100001
10001010000001
10001011101000
10001101010111
10001111001101
10010001001010
10010011001110
10010101011001
10010111101011
10011010000011
10011100100010
10011111000111
10100001110010
10100100100011
10100111011010
10101010010111
10101101011001
10110000100000
10110011101100
10110110111101
10111010010011
10111101101101
11000001001011
11000100101101
11001000010011
11001011111100
11001111101001
11010011011001
11010111001011
11011011000000
11011110111000
11100010110001
11100110101101
11101010101010
11101110101000
11110010101000
11110110101000
11111010101001
11111110101010
00000010101100
00000110101101
00001010101101
00001110101110
00010010101101
00010110101011
00011010100111
00011110100010
00100010011011
00100110010010
00101010000110
00101101111000
00110001100110
00110101010010
00111000111010
00111100011111
01000000000000
01000011011101
01000110110101
01001010001001
01001101011001
01010000100011
01010011101000
01010110101001
01011001100011
01011100011000
01011111000111
01100001110001
01100100010100
01100110110000
01101001000110
01101011010110
01101101011111
01101111100001
01110001011011
01110011001111
01110100111011
01110110100000
01110111111110
01111001010100
01111010100010
01111011101000
01111100100111
01111101011110
01111110001101
01111110110100
01111111010011
01111111101001
01111111111000
01111111111111
01111111111110
01111111110100
01111111100011
01111111001001
01111110101000
01111101111110
01111101001100
01111100010011
01111011010010
01111010001001
01111000111000
01110111011111
01110101111111
01110100011000
01110010101001
01110000110011
01101110110110
01101100110010
01101010100111
01101000010101
01100101111101
01100011011110
01100000111001
01011110001110
01011011011101
01011000100110
01010101101001
01010010100111
01001111100000
01001100010100
01001001000011
01000101101101
01000010010011
00111110110101
00111011010011
00110111101101
00110100000100
00110000010111
00101100100111
00101000110101
00100101000000
00100001001000
00011101001111
00011001010011
00010101010110
00010001011000
00001101011000
00001001011000
00000101010111
00000001010110
11111101010100
11111001010011
11110101010011
11110001010010
11101101010011
11101001010101
11100101011001
11100001011110
11011101100101
11011001101110
11010101111010
11010010001000
11001110011010
11001010101110
11000111000110
11000011100001
11000000000000
10111100100011
10111001001011
10110101110111
10110010100111
10101111011101
10101100011000
10101001010111
10100110011101
10100011101000
10100000111001
10011110001111
10011011101100
10011001010000
10010110111010
10010100101010
10010010100001
10010000011111
10001110100101
10001100110001
10001011000101
10001001100000
10001000000010
10000110101100
10000101011110
10000100011000
10000011011001
10000010100010
10000001110011
10000001001100
10000000101101
10000000010111
10000000001000
10000000000001
10000000000010
10000000001100
10000000011101
10000000110111
10000001011000
10000010000010
10000010110100
10000011101101
10000100101110
10000101110111
10000111001000
10001000100001
10001010000001
10001011101000
10001101010111
10001111001101
10010001001010
10010011001110
10010101011001
10010111101011
10011010000011
10011100100010
10011111000111
10100001110010
10100100100011
10100111011010
10101010010111
10101101011001
10110000100000
10110011101100
10110110111101
10111010010011
10111101101101
11000001001011
11000100101101
11001000010011
11001011111100
11001111101001
11010011011001
11010111001011
11011011000000
11011110111000
11100010110001
11100110101101
11101010101010
11101110101000
11110010101000
11110110101000
11111010101001
11111110101010
00000010101100
00000110101101
00001010101101
00001110101110
00010010101101
00010110101011
00011010100111
00011110100010
00100010011011
00100110010010
00101010000110
00101101111000
00110001100110
00110101010010
00111000111010
00111100011111
01000000000000
01000011011101
01000110110101
01001010001001
01001101011001
01010000100011
01010011101000
01010110101001
01011001100011
01011100011000
01011111000111
01100001110001
01100100010100
01100110110000
01101001000110
01101011010110
01101101011111
01101111100001
01110001011011
01110011001111
01110100111011
01110110100000
01110111111110
01111001010100
01111010100010
01111011101000
01111100100111
01111101011110
01111110001101
01111110110100
01111111010011
01111111101001
01111111111000
01111111111111
01111111111110
01111111110100
01111111100011
01111111001001
01111110101000
01111101111110
01111101001100
01111100010011
01111011010010
01111010001001
01111000111000
01110111011111
01110101111111
01110100011000
01110010101001
01110000110011
01101110110110
01101100110010
01101010100111
01101000010101
01100101111101
01100011011110
01100000111001
01011110001110
01011011011101
01011000100110
01010101101001
01010010100111
01001111100000
01001100010100
01001001000011
01000101101101
01000010010011
00111110110101
00111011010011
00110111101101
00110100000100
00110000010111
00101100100111
00101000110101
00100101000000
00100001001000
00011101001111
00011001010011
00010101010110
00010001011000
00001101011000
00001001011000
00000101010111
00000001010110
11111101010100
11111001010011
11110101010011
11110001010010
11101101010011
11101001010101
11100101011001
11100001011110
11011101100101
11011001101110
11010101111010
11010010001000
11001110011010
11001010101110
11000111000110
11000011100001
11000000000000
10111100100011
10111001001011
10110101110111
10110010100111
10101111011101
10101100011000
10101001010111
10100110011101
10100011101000
10100000111001
10011110001111
10011011101100
10011001010000
10010110111010
10010100101010
10010010100001
10010000011111
10001110100101
10001100110001
10001011000101
10001001100000
10001000000010
10000110101100
10000101011110
10000100011000
10000011011001
10000010100010
10000001110011
10000001001100
10000000101101
10000000010111
10000000001000
10000000000001
10000000000010
10000000001100
10000000011101
10000000110111
10000001011000
10000010000010
10000010110100
10000011101101
10000100101110
10000101110111
10000111001000
10001000100001
10001010000001
10001011101000
10001101010111
10001111001101
10010001001010
10010011001110
10010101011001
10010111101011
10011010000011
10011100100010
10011111000111
10100001110010
10100100100011
10100111011010
10101010010111
10101101011001
10110000100000
10110011101100
10110110111101
10111010010011
10111101101101
11000001001011
11000100101101
11001000010011
11001011111100
11001111101001
11010011011001
11010111001011
11011011000000
11011110111000
11100010110001
11100110101101
11101010101010
11101110101000
11110010101000
11110110101000
11111010101001
11111110101010
00000010101100
00000110101101
00001010101101
00001110101110
00010010101101
00010110101011
00011010100111
00011110100010
00100010011011
00100110010010
00101010000110
00101101111000
00110001100110
00110101010010
00111000111010
00111100011111
01000000000000
01000011011101
01000110110101
01001010001001
01001101011001
01010000100011
01010011101000
01010110101001
01011001100011
01011100011000
01011111000111
01100001110001
01100100010100
01100110110000
01101001000110
01101011010110
01101101011111
01101111100001
01110001011011
01110011001111
01110100111011
01110110100000
01110111111110
01111001010100
01111010100010
01111011101000
01111100100111
01111101011110
01111110001101
01111110110100
01111111010011
01111111101001
01111111111000
01111111111111
01111111111110
01111111110100
01111111100011
01111111001001
01111110101000
01111101111110
01111101001100
01111100010011
01111011010010
01111010001001
01111000111000
01110111011111
01110101111111
01110100011000
01110010101001
01110000110011
01101110110110
01101100110010
01101010100111
01101000010101
01100101111101
01100011011110
01100000111001
01011110001110
01011011011101
01011000100110
01010101101001
01010010100111
01001111100000
01001100010100
01001001000011
01000101101101
01000010010011
00111110110101
00111011010011
00110111101101
00110100000100
00110000010111
00101100100111
00101000110101
00100101000000
00100001001000
00011101001111
00011001010011
00010101010110
00010001011000
00001101011000
00001001011000
00000101010111
00000001010110
11111101010100
11111001010011
11110101010011
11110001010010
11101101010011
11101001010101
11100101011001
11100001011110
11011101100101
11011001101110
11010101111010
11010010001000
11001110011010
11001010101110
11000111000110
11000011100001
11000000000000
10111100100011
10111001001011
10110101110111
10110010100111
10101111011101
10101100011000
10101001010111
10100110011101
10100011101000
10100000111001
10011110001111
10011011101100
10011001010000
10010110111010
10010100101010
10010010100001
10010000011111
10001110100101
10001100110001
10001011000101
10001001100000
10001000000010
10000110101100
10000101011110
10000100011000
10000011011001
10000010100010
10000001110011
10000001001100
10000000101101
10000000010111
10000000001000
10000000000001
10000000000010
10000000001100
10000000011101
10000000110111
10000001011000
10000010000010
10000010110100
10000011101101
10000100101110
10000101110111
10000111001000
10001000100001
10001010000001
10001011101000
10001101010111
10001111001101
10010001001010
10010011001110
10010101011001
10010111101011
10011010000011
10011100100010
10011111000111
10100001110010
10100100100011
10100111011010
10101010010111
10101101011001
10110000100000
10110011101100
10110110111101
10111010010011
10111101101101
11000001001011
11000100101101
11001000010011
11001011111100
11001111101001
11010011011001
11010111001011
11011011000000
11011110111000
11100010110001
11100110101101
11101010101010
11101110101000
11110010101000
11110110101000
11111010101001
11111110101010
00000010101100
00000110101101
00001010101101
00001110101110
00010010101101
00010110101011
00011010100111
00011110100010
00100010011011
00100110010010
00101010000110
00101101111000
00110001100110
00110101010010
00111000111010
00111100011111
01000000000000
01000011011101
01000110110101
01001010001001
01001101011001
01010000100011
01010011101000
01010110101001
01011001100011
01011100011000
01011111000111
01100001110001
01100100010100
01100110110000
01101001000110
01101011010110
01101101011111
01101111100001
01110001011011
01110011001111
01110100111011
01110110100000
01110111111110
01111001010100
01111010100010
01111011101000
01111100100111
01111101011110
01111110001101
01111110110100
01111111010011
01111111101001
01111111111000
01111111111111
01111111111110
01111111110100
01111111100011
01111111001001
01111110101000
01111101111110
01111101001100
01111100010011
01111011010010
01111010001001
01111000111000
01110111011111
01110101111111
01110100011000
01110010101001
01110000110011
01101110110110
01101100110010
01101010100111
01101000010101
01100101111101
01100011011110
01100000111001
01011110001110
01011011011101
01011000100110
01010101101001
01010010100111
01001111100000
01001100010100
01001001000011
01000101101101
01000010010011
00111110110101
00111011010011
00110111101101
00110100000100
00110000010111
00101100100111
00101000110101
00100101000000
00100001001000
00011101001111
00011001010011
00010101010110
00010001011000
00001101011000
00001001011000
00000101010111
00000001010110
11111101010100
11111001010011
11110101010011
11110001010010
11101101010011
11101001010101
11100101011001
11100001011110
11011101100101
11011001101110
11010101111010
11010010001000
11001110011010
11001010101110
11000111000110
11000011100001
11000000000000
10111100100011
10111001001011
10110101110111
10110010100111
10101111011101
10101100011000
10101001010111
10100110011101
10100011101000
10100000111001
10011110001111
10011011101100
10011001010000
10010110111010
10010100101010
10010010100001
10010000011111
10001110100101
10001100110001
10001011000101
10001001100000
10001000000010
10000110101100
10000101011110
10000100011000
10000011011001
10000010100010
10000001110011
10000001001100
10000000101101
10000000010111
10000000001000
10000000000001
10000000000010
10000000001100
10000000011101
10000000110111
10000001011000
10000010000010
10000010110100
10000011101101
10000100101110
10000101110111
10000111001000
10001000100001
10001010000001
10001011101000
10001101010111
10001111001101
10010001001010
10010011001110
10010101011001
10010111101011
10011010000011
10011100100010
10011111000111
10100001110010
10100100100011
10100111011010
10101010010111
10101101011001
10110000100000
10110011101100
10110110111101
10111010010011
10111101101101
11000001001011
11000100101101
11001000010011
11001011111100
11001111101001
11010011011001
11010111001011
11011011000000
11011110111000
11100010110001
11100110101101
11101010101010
11101110101000
11110010101000
11110110101000
11111010101001
11111110101010
00000010101100
00000110101101
00001010101101
00001110101110
00010010101101
00010110101011
00011010100111
00011110100010
00100010011011
00100110010010
00101010000110
00101101111000
00110001100110
00110101010010
00111000111010
00111100011111
01000000000000
01000011011101
01000110110101
01001010001001
01001101011001
01010000100011
01010011101000
01010110101001
01011001100011
01011100011000
01011111000111
01100001110001
01100100010100
01100110110000
01101001000110
01101011010110
01101101011111
01101111100001
01110001011011
01110011001111
01110100111011
01110110100000
01110111111110
01111001010100
01111010100010
01111011101000
01111100100111
01111101011110
01111110001101
01111110110100
01111111010011
01111111101001
01111111111000
01111111111111
01111111111110
01111111110100
01111111100011
01111111001001
01111110101000
01111101111110
01111101001100
01111100010011
01111011010010
01111010001001
01111000111000
01110111011111
01110101111111
01110100011000
01110010101001
01110000110011
01101110110110
01101100110010
01101010100111
01101000010101
01100101111101
01100011011110
01100000111001
01011110001110
01011011011101
01011000100110
01010101101001
01010010100111
01001111100000
01001100010100
01001001000011
01000101101101
01000010010011
00111110110101
00111011010011
00110111101101
00110100000100
00110000010111
00101100100111
00101000110101
00100101000000
00100001001000
00011101001111
00011001010011
00010101010110
00010001011000
00001101011000
00001001011000
00000101010111
00000001010110
11111101010100
11111001010011
11110101010011
11110001010010
11101101010011
11101001010101
11100101011001
11100001011110
11011101100101
11011001101110
11010101111010
11010010001000
11001110011010
11001010101110
11000111000110
11000011100001
11000000000000
10111100100011
10111001001011
10110101110111
10110010100111
10101111011101
10101100011000
10101001010111
10100110011101
10100011101000
10100000111001
10011110001111
10011011101100
10011001010000
10010110111010
10010100101010
10010010100001
10010000011111
10001110100101
10001100110001
10001011000101
10001001100000
10001000000010
10000110101100
10000101011110
10000100011000
10000011011001
10000010100010
10000001110011
10000001001100
10000000101101
10000000010111
10000000001000
10000000000001
10000000000010
10000000001100
10000000011101
10000000110111
10000001011000
10000010000010
10000010110100
10000011101101
10000100101110
10000101110111
10000111001000
10001000100001
10001010000001
10001011101000
10001101010111
10001111001101
10010001001010
10010011001110
10010101011001
10010111101011
10011010000011
10011100100010
10011111000111
10100001110010
10100100100011
10100111011010
10101010010111
10101101011001
10110000100000
10110011101100
10110110111101
10111010010011
10111101101101
11000001001011
11000100101101
11001000010011
11001011111100
11001111101001
11010011011001
11010111001011
11011011000000
11011110111000
11100010110001
11100110101101
11101010101010
11101110101000
11110010101000
11110110101000
11111010101001
11111110101010
00000010101100
00000110101101
00001010101101
00001110101110
00010010101101
00010110101011
00011010100111
00011110100010
00100010011011
00100110010010
00101010000110
00101101111000
00110001100110
00110101010010
00111000111010
00111100011111
01000000000000
01000011011101
01000110110101
01001010001001
01001101011001
01010000100011
01010011101000
01010110101001
01011001100011
01011100011000
01011111000111
01100001110001
01100100010100
01100110110000
01101001000110
01101011010110
01101101011111
01101111100001
01110001011011
01110011001111
01110100111011
01110110100000
01110111111110
01111001010100
01111010100010
01111011101000
01111100100111
01111101011110
01111110001101
01111110110100
01111111010011
01111111101001
01111111111000
01111111111111
01111111111110
01111111110100
01111111100011
01111111001001
01111110101000
01111101111110
01111101001100
01111100010011
01111011010010
01111010001001
01111000111000
01110111011111
01110101111111
01110100011000
01110010101001
01110000110011
01101110110110
01101100110010
01101010100111
01101000010101
01100101111101
01100011011110
01100000111001
01011110001110
01011011011101
01011000100110
01010101101001
01010010100111
01001111100000
01001100010100
01001001000011
01000101101101
01000010010011
00111110110101
00111011010011
00110111101101
00110100000100
00110000010111
00101100100111
00101000110101
00100101000000
00100001001000
00011101001111
00011001010011
00010101010110
00010001011000
00001101011000
00001001011000
00000101010111
00000001010110
11111101010100
11111001010011
11110101010011
11110001010010
11101101010011
11101001010101
11100101011001
11100001011110
11011101100101
11011001101110
11010101111010
11010010001000
11001110011010
11001010101110
11000111000110
11000011100001
11000000000000
10111100100011
10111001001011
10110101110111
10110010100111
10101111011101
10101100011000
10101001010111
10100110011101
10100011101000
10100000111001
10011110001111
10011011101100
10011001010000
10010110111010
10010100101010
10010010100001
10010000011111
10001110100101
10001100110001
10001011000101
10001001100000
10001000000010
10000110101100
10000101011110
10000100011000
10000011011001
10000010100010
10000001110011
10000001001100
10000000101101
10000000010111
10000000001000
10000000000001
10000000000010
10000000001100
10000000011101
10000000110111
10000001011000
10000010000010
10000010110100
10000011101101
10000100101110
10000101110111
10000111001000
10001000100001
10001010000001
10001011101000
10001101010111
10001111001101
10010001001010
10010011001110
10010101011001
10010111101011
10011010000011
10011100100010
10011111000111
10100001110010
10100100100011
10100111011010
10101010010111
10101101011001
10110000100000
10110011101100
10110110111101
10111010010011
10111101101101
11000001001011
11000100101101
11001000010011
11001011111100
11001111101001
11010011011001
11010111001011
11011011000000
11011110111000
11100010110001
11100110101101
11101010101010
11101110101000
11110010101000
11110110101000
11111010101001
11111110101010
00000010101100
00000110101101
00001010101101
00001110101110
00010010101101
00010110101011
00011010100111
00011110100010
00100010011011
00100110010010
00101010000110
00101101111000
00110001100110
00110101010010
00111000111010
00111100011111
01000000000000
01000011011101
01000110110101
01001010001001
01001101011001
01010000100011
01010011101000
01010110101001
01011001100011
01011100011000
01011111000111
01100001110001
01100100010100
01100110110000
01101001000110
01101011010110
01101101011111
01101111100001
01110001011011
01110011001111
01110100111011
01110110100000
01110111111110
01111001010100
01111010100010
01111011101000
01111100100111
01111101011110
01111110001101
01111110110100
01111111010011
01111111101001
01111111111000
01111111111111
01111111111110
01111111110100
01111111100011
01111111001001
01111110101000
01111101111110
01111101001100
01111100010011
01111011010010
01111010001001
01111000111000
01110111011111
01110101111111
01110100011000
01110010101001
01110000110011
01101110110110
01101100110010
01101010100111
01101000010101
01100101111101
01100011011110
01100000111001
01011110001110
01011011011101
01011000100110
01010101101001
01010010100111
01001111100000
01001100010100
01001001000011
01000101101101
01000010010011
00111110110101
00111011010011
00110111101101
00110100000100
00110000010111
00101100100111
00101000110101
00100101000000
00100001001000
00011101001111
00011001010011
00010101010110
00010001011000
00001101011000
00001001011000
00000101010111
00000001010110
11111101010100
11111001010011
11110101010011
11110001010010
11101101010011
11101001010101
11100101011001
11100001011110
11011101100101
11011001101110
11010101111010
11010010001000
11001110011010
11001010101110
11000111000110
11000011100001
11000000000000
10111100100011
10111001001011
10110101110111
10110010100111
10101111011101
10101100011000
10101001010111
10100110011101
10100011101000
10100000111001
10011110001111
10011011101100
10011001010000
10010110111010
10010100101010
10010010100001
10010000011111
10001110100101
10001100110001
10001011000101
10001001100000
10001000000010
10000110101100
10000101011110
10000100011000
10000011011001
10000010100010
10000001110011
10000001001100
10000000101101
10000000010111
10000000001000
10000000000001
10000000000010
10000000001100
10000000011101
10000000110111
10000001011000
10000010000010
10000010110100
10000011101101
10000100101110
10000101110111
10000111001000
10001000100001
10001010000001
10001011101000
10001101010111
10001111001101
10010001001010
10010011001110
10010101011001
10010111101011
10011010000011
10011100100010
10011111000111
10100001110010
10100100100011
10100111011010
10101010010111
10101101011001
10110000100000
10110011101100
10110110111101
10111010010011
10111101101101
11000001001011
11000100101101
11001000010011
11001011111100
11001111101001
11010011011001
11010111001011
11011011000000
11011110111000
11100010110001
11100110101101
11101010101010
11101110101000
11110010101000
11110110101000
11111010101001
11111110101010
00000010101100
00000110101101
00001010101101
00001110101110
00010010101101
00010110101011
00011010100111
00011110100010
00100010011011
00100110010010
00101010000110
00101101111000
00110001100110
00110101010010
00111000111010
00111100011111
01000000000000
01000011011101
01000110110101
01001010001001
01001101011001
01010000100011
01010011101000
01010110101001
01011001100011
01011100011000
01011111000111
01100001110001
01100100010100
01100110110000
01101001000110
01101011010110
01101101011111
01101111100001
01110001011011
01110011001111
01110100111011
01110110100000
01110111111110
01111001010100
01111010100010
01111011101000
01111100100111
01111101011110
01111110001101
01111110110100
01111111010011
01111111101001
01111111111000
01111111111111
01111111111110
01111111110100
01111111100011
01111111001001
01111110101000
01111101111110
01111101001100
01111100010011
01111011010010
01111010001001
01111000111000
01110111011111
01110101111111
01110100011000
01110010101001
01110000110011
01101110110110
01101100110010
01101010100111
01101000010101
01100101111101
01100011011110
01100000111001
01011110001110
01011011011101
01011000100110
01010101101001
01010010100111
01001111100000
01001100010100
01001001000011
01000101101101
01000010010011
00111110110101
00111011010011
00110111101101
00110100000100
00110000010111
00101100100111
00101000110101
00100101000000
00100001001000
00011101001111
00011001010011
00010101010110
00010001011000
00001101011000
00001001011000
00000101010111
00000001010110
11111101010100
11111001010011
11110101010011
11110001010010
11101101010011
11101001010101
11100101011001
11100001011110
11011101100101
11011001101110
11010101111010
11010010001000
11001110011010
11001010101110
11000111000110
11000011100001
11000000000000
10111100100011
10111001001011
10110101110111
10110010100111
10101111011101
10101100011000
10101001010111
10100110011101
10100011101000
10100000111001
10011110001111
10011011101100
10011001010000
10010110111010
10010100101010
10010010100001
10010000011111
10001110100101
10001100110001
10001011000101
10001001100000
10001000000010
10000110101100
10000101011110
10000100011000
10000011011001
10000010100010
10000001110011
10000001001100
10000000101101
10000000010111
10000000001000
10000000000001
10000000000010
10000000001100
10000000011101
10000000110111
10000001011000
10000010000010
10000010110100
10000011101101
10000100101110
10000101110111
10000111001000
10001000100001
10001010000001
10001011101000
10001101010111
10001111001101
10010001001010
10010011001110
10010101011001
10010111101011
10011010000011
10011100100010
10011111000111
10100001110010
10100100100011
10100111011010
10101010010111
10101101011001
10110000100000
10110011101100
10110110111101
10111010010011
10111101101101
11000001001011
11000100101101
11001000010011
11001011111100
11001111101001
11010011011001
11010111001011
11011011000000
11011110111000
11100010110001
11100110101101
11101010101010
11101110101000
11110010101000
11110110101000
11111010101001
11111110101010
00000010101100
00000110101101
00001010101101
00001110101110
00010010101101
00010110101011
00011010100111
00011110100010
00100010011011
00100110010010
00101010000110
00101101111000
00110001100110
00110101010010
00111000111010
00111100011111
01000000000000
01000011011101
01000110110101
01001010001001
01001101011001
01010000100011
01010011101000
01010110101001
01011001100011
01011100011000
01011111000111
01100001110001
01100100010100
01100110110000
01101001000110
01101011010110
01101101011111
01101111100001
01110001011011
01110011001111
01110100111011
01110110100000
01110111111110
01111001010100
01111010100010
01111011101000
01111100100111
01111101011110
01111110001101
01111110110100
01111111010011
01111111101001
01111111111000
01111111111111
01111111111110
01111111110100
01111111100011
01111111001001
01111110101000
01111101111110
01111101001100
01111100010011
01111011010010
01111010001001
01111000111000
01110111011111
01110101111111
01110100011000
01110010101001
01110000110011
01101110110110
01101100110010
01101010100111
01101000010101
01100101111101
01100011011110
01100000111001
01011110001110
01011011011101
01011000100110
01010101101001
01010010100111
01001111100000
01001100010100
01001001000011
01000101101101
01000010010011
00111110110101
00111011010011
00110111101101
00110100000100
00110000010111
00101100100111
00101000110101
00100101000000
00100001001000
00011101001111
00011001010011
00010101010110
00010001011000
00001101011000
00001001011000
00000101010111
00000001010110
11111101010100
11111001010011
11110101010011
11110001010010
11101101010011
11101001010101
11100101011001
11100001011110
11011101100101
11011001101110
11010101111010
11010010001000
11001110011010
11001010101110
11000111000110
11000011100001
11000000000000
10111100100011
10111001001011
10110101110111
10110010100111
10101111011101
10101100011000
10101001010111
10100110011101
10100011101000
10100000111001
10011110001111
10011011101100
10011001010000
10010110111010
10010100101010
10010010100001
10010000011111
10001110100101
10001100110001
10001011000101
10001001100000
10001000000010
10000110101100
10000101011110
10000100011000
10000011011001
10000010100010
10000001110011
10000001001100
10000000101101
10000000010111
10000000001000
10000000000001
10000000000010
10000000001100
10000000011101
10000000110111
10000001011000
10000010000010
10000010110100
10000011101101
10000100101110
10000101110111
10000111001000
10001000100001
10001010000001
10001011101000
10001101010111
10001111001101
10010001001010
10010011001110
10010101011001
10010111101011
10011010000011
10011100100010
10011111000111
10100001110010
10100100100011
10100111011010
10101010010111
10101101011001
10110000100000
10110011101100
10110110111101
10111010010011
10111101101101
11000001001011
11000100101101
11001000010011
11001011111100
11001111101001
11010011011001
11010111001011
11011011000000
11011110111000
11100010110001
11100110101101
11101010101010
11101110101000
11110010101000
11110110101000
11111010101001
11111110101010
00000010101100
00000110101101
00001010101101
00001110101110
00010010101101
00010110101011
00011010100111
00011110100010
00100010011011
00100110010010
00101010000110
00101101111000
00110001100110
00110101010010
00111000111010
00111100011111
01000000000000
01000011011101
01000110110101
01001010001001
01001101011001
01010000100011
01010011101000
01010110101001
01011001100011
01011100011000
01011111000111
01100001110001
01100100010100
01100110110000
01101001000110
01101011010110
01101101011111
01101111100001
01110001011011
01110011001111
01110100111011
01110110100000
01110111111110
01111001010100
01111010100010
01111011101000
01111100100111
01111101011110
01111110001101
01111110110100
01111111010011
01111111101001
01111111111000
01111111111111
01111111111110
01111111110100
01111111100011
01111111001001
01111110101000
01111101111110
01111101001100
01111100010011
01111011010010
01111010001001
01111000111000
01110111011111
01110101111111
01110100011000
01110010101001
01110000110011
01101110110110
01101100110010
01101010100111
01101000010101
01100101111101
01100011011110
01100000111001
01011110001110
01011011011101
01011000100110
01010101101001
01010010100111
01001111100000
01001100010100
01001001000011
01000101101101
01000010010011
00111110110101
00111011010011
00110111101101
00110100000100
00110000010111
00101100100111
00101000110101
00100101000000
00100001001000
00011101001111
00011001010011
00010101010110
00010001011000
00001101011000
00001001011000
00000101010111
00000001010110
11111101010100
11111001010011
11110101010011
11110001010010
11101101010011
11101001010101
11100101011001
11100001011110
11011101100101
11011001101110
11010101111010
11010010001000
11001110011010
11001010101110
11000111000110
11000011100001
11000000000000
10111100100011
10111001001011
10110101110111
10110010100111
10101111011101
10101100011000
10101001010111
10100110011101
10100011101000
10100000111001
10011110001111
10011011101100
10011001010000
10010110111010
10010100101010
10010010100001
10010000011111
10001110100101
10001100110001
10001011000101
10001001100000
10001000000010
10000110101100
10000101011110
10000100011000
10000011011001
10000010100010
10000001110011
10000001001100
10000000101101
10000000010111
10000000001000
10000000000001
10000000000010
10000000001100
10000000011101
10000000110111
10000001011000
10000010000010
10000010110100
10000011101101
10000100101110
10000101110111
10000111001000
10001000100001
10001010000001
10001011101000
10001101010111
10001111001101
10010001001010
10010011001110
10010101011001
10010111101011
10011010000011
10011100100010
10011111000111
10100001110010
10100100100011
10100111011010
10101010010111
10101101011001
10110000100000
10110011101100
10110110111101
10111010010011
10111101101101
11000001001011
11000100101101
11001000010011
11001011111100
11001111101001
11010011011001
11010111001011
11011011000000
11011110111000
11100010110001
11100110101101
11101010101010
11101110101000
11110010101000
11110110101000
11111010101001
11111110101010
00000010101100
00000110101101
00001010101101
00001110101110
00010010101101
00010110101011
00011010100111
00011110100010
00100010011011
00100110010010
00101010000110
00101101111000
00110001100110
00110101010010
00111000111010
00111100011111
01000000000000
01000011011101
01000110110101
01001010001001
01001101011001
01010000100011
01010011101000
01010110101001
01011001100011
01011100011000
01011111000111
01100001110001
01100100010100
01100110110000
01101001000110
01101011010110
01101101011111
01101111100001
01110001011011
01110011001111
01110100111011
01110110100000
01110111111110
01111001010100
01111010100010
01111011101000
01111100100111
01111101011110
01111110001101
01111110110100
01111111010011
01111111101001
01111111111000
01111111111111
01111111111110
01111111110100
01111111100011
01111111001001
01111110101000
01111101111110
01111101001100
01111100010011
01111011010010
01111010001001
01111000111000
01110111011111
01110101111111
01110100011000
01110010101001
01110000110011
01101110110110
01101100110010
01101010100111
01101000010101
01100101111101
01100011011110
01100000111001
01011110001110
01011011011101
01011000100110
01010101101001
01010010100111
01001111100000
01001100010100
01001001000011
01000101101101
01000010010011
00111110110101
00111011010011
00110111101101
00110100000100
00110000010111
00101100100111
00101000110101
00100101000000
00100001001000
00011101001111
00011001010011
00010101010110
00010001011000
00001101011000
00001001011000
00000101010111
00000001010110
11111101010100
11111001010011
11110101010011
11110001010010
11101101010011
11101001010101
11100101011001
11100001011110
11011101100101
11011001101110
11010101111010
11010010001000
11001110011010
11001010101110
11000111000110
11000011100001
11000000000000
10111100100011
10111001001011
10110101110111
10110010100111
10101111011101
10101100011000
10101001010111
10100110011101
10100011101000
10100000111001
10011110001111
10011011101100
10011001010000
10010110111010
10010100101010
10010010100001
10010000011111
10001110100101
10001100110001
10001011000101
10001001100000
10001000000010
10000110101100
10000101011110
10000100011000
10000011011001
10000010100010
10000001110011
10000001001100
10000000101101
10000000010111
10000000001000
10000000000001
10000000000010
10000000001100
10000000011101
10000000110111
10000001011000
10000010000010
10000010110100
10000011101101
10000100101110
10000101110111
10000111001000
10001000100001
10001010000001
10001011101000
10001101010111
10001111001101
