01101110110110
01110001100000
01110011111101
01110110001011
01111000001100
01111001111111
01111011100010
01111100110111
01111101111110
01111110110101
01111111011101
01111111110101
01111111111111
01111111111001
01111111100100
01111111000000
01111110001100
01111101001010
01111011111000
01111010011000
01111000101001
01110110101100
01110100100000
01110010000111
01101111100000
01101100101100
01101001101011
01100110011101
01100011000011
01011111011101
01011011101011
01010111101111
01010011101000
01001111010111
01001010111101
01000110011010
01000001101110
00111100111011
00111000000000
00110010111111
00101101110111
00101000101010
00100011011001
00011110000011
00011000101001
00010011001100
00001101101110
00001000001101
00000010101100
11111101001010
11110111101000
11110010001000
11101100101001
11100111001101
11100001110011
11011100011101
11010111001011
11010001111111
11001100110111
11000111110110
11000010111100
10111110001000
10111001011101
10110100111010
10110000100000
10101100010000
10101000001001
10100100001101
10100000011100
10011100110111
10011001011101
10010110001111
10010011001111
10010000011011
10001101110100
10001011011011
10001001010000
10000111010011
10000101100101
10000100000101
10000010110100
10000001110010
10000000111111
10000000011011
10000000000110
10000000000001
10000000001011
10000000100100
10000001001101
10000010000100
10000011001011
10000100100000
10000110000101
10000111111000
10001001111001
10001100001000
10001110100101
10010001010000
10010100001000
10010111001100
10011010011110
10011101111011
10100001100100
10100101011001
10101001011000
10101101100001
10110001110101
10110110010001
10111010110111
10111111100101
11000100011010
11001001010111
11001110011010
11010011100011
11011000110001
11011110000100
11100011011011
11101000110110
11101110010011
11110011110010
11111001010011
11111110110101
00000100010111
00001001111000
00001111011000
00010100110110
00011010010010
00011111101011
00100100111111
00101010010000
00101111011011
00110100100001
00111001100000
00111110011001
01000011001010
01000111110011
01001100010100
01010000101011
01010100111001
01011000111101
01011100110110
01100000100011
01100100000110
01100111011100
01101010100110
01101101100100
01110000010100
01110010110111
01110101001100
01110111010011
01111001001100
01111010110111
01111100010011
01111101100000
01111110011101
01111111001100
01111111101100
01111111111100
01111111111110
01111111110000
01111111010010
01111110100110
01111101101010
01111100011111
01111011000110
01111001011101
01110111100111
01110101100010
01110011001111
01110000101110
01101101111111
01101011000100
01100111111100
01100100100111
01100001000111
01011101011010
01011001100011
01010101100001
01010001010101
01001100111111
01001000011111
01000011111000
00111111001000
00111010010000
00110101010010
00110000001101
00101011000010
00100101110011
00100000011111
00011011000110
00010101101011
00010000001101
00001010101101
00000101001100
11111111101011
11111010001001
11110100101000
11101111001000
11101001101011
11100100010000
11011110111000
11011001100100
11010100010101
11001111001011
11001010000111
11000101001010
11000000010011
10111011100100
10110110111101
10110010011111
10101110001010
10101001111111
10100101111110
10100010001000
10011110011110
10011010111110
10010111101011
10010100100101
10010001101011
10001110111110
10001100011111
10001010001110
10001000001010
10000110010101
10000100101111
10000011010111
10000010001110
10000001010100
10000000101001
10000000001110
10000000000010
10000000000101
10000000010111
10000000111001
10000001101001
10000010101001
10000011111000
10000101010101
10000111000010
10001000111100
10001011000101
10001101011100
10010000000001
10010010110010
10010101110001
10011000111101
10011100010101
10011111111001
10100011101000
10100111100010
10101011100111
10101111110110
10110100001111
10111000110000
10111101011011
11000010001101
11000111000110
11001100000110
11010001001101
11010110011001
11011011101010
11100000111111
11100110011000
11101011110100
11110001010011
11110110110011
11111100010100
00000001110110
00000111011000
00001100111000
00010010010111
00010111110100
00011101001110
00100010100101
00100111111000
00101101000101
00110010001110
00110111010000
00111100001100
01000001000000
01000101101101
01001010010010
01001110101101
01010010111111
01010111001000
01011011000110
01011110111001
01100010100000
01100101111100
01101001001100
01101100001111
01101111000110
01110001101111
01110100001010
01110110011000
01111000010111
01111010001000
01111011101011
01111100111110
01111110000011
01111110111001
01111111100000
01111111110111
01111111111111
01111111111000
01111111100001
01111110111100
01111110000111
01111101000011
01111011110000
01111010001111
01111000011110
01110110100000
01110100010011
01110001111000
01101111010000
01101100011011
01101001011000
01100110001001
01100010101110
01011111000111
01011011010101
01010111010111
01010011010000
01001110111110
01001010100011
01000101111111
01000001010011
00111100011111
00110111100011
00110010100001
00101101011001
00101000001100
00100010111010
00011101100011
00011000001001
00010010101101
00001101001110
00000111101101
00000010001011
11111100101010
11110111001000
11110001101000
11101100001001
11100110101101
11100001010100
11011011111110
11010110101101
11010001100001
11001100011010
11000111011001
11000010011111
10111101101101
10111001000010
10110100100000
10110000000111
10101011110111
10100111110010
10100011110111
10100000000111
10011100100010
10011001001010
10010101111101
10010010111110
10010000001011
10001101100110
10001011001110
10001001000100
10000111001001
10000101011011
10000011111101
10000010101101
10000001101101
10000000111011
10000000011001
10000000000101
10000000000001
10000000001101
10000000100111
10000001010001
10000010001010
10000011010010
10000100101001
10000110001111
10001000000011
10001010000101
10001100010110
10001110110100
10010001100000
10010100011001
10010111011111
10011010110001
10011110010000
10100001111010
10100101101111
10101001101111
10101101111010
10110010001110
10110110101100
10111011010010
11000000000000
11000100110111
11001001110100
11001110111000
11010100000001
11011001010000
11011110100011
11100011111011
11101001010101
11101110110011
11110100010011
11111001110011
11111111010101
00000100110111
00001010011000
00001111111000
00010101010110
00011010110001
00100000001010
00100101011110
00101010101110
00101111111001
00110100111110
00111001111101
00111110110101
01000011100101
01001000001110
01001100101101
01010001000100
01010101010001
01011001010100
01011101001100
01100000111001
01100100011010
01100111101111
01101010111000
01101101110100
01110000100100
01110011000101
01110101011001
01110111011111
01111001010111
01111011000000
01111100011010
01111101100110
01111110100010
01111111010000
01111111101110
01111111111101
01111111111101
01111111101101
01111111001111
01111110100001
01111101100100
01111100011000
01111010111101
01111001010011
01110111011011
01110101010101
01110011000000
01110000011110
01101101101111
01101010110010
01100111101001
01100100010011
01100000110010
01011101000100
01011001001100
01010101001001
01010000111100
01001100100101
01001000000101
01000011011100
00111110101100
00111001110100
00110100110100
00101111101111
00101010100100
00100101010100
00011111111111
00011010100111
00010101001011
00001111101101
00001010001101
00000100101100
11111111001010
11111001101001
11110100001000
11101110101000
11101001001011
11100011110000
11011110011001
11011001000110
11010011110111
11001110101110
11001001101010
11000100101101
10111111110111
10111011001001
10110110100011
10110010000110
10101101110010
10101001101000
10100101101000
10100001110011
10011110001001
10011010101011
10010111011001
10010100010011
10010001011011
10001110101111
10001100010001
10001010000001
10000111111111
10000110001011
10000100100110
10000011010000
10000010001000
10000001010000
10000000100110
10000000001100
10000000000001
10000000000110
10000000011001
10000000111100
10000001101110
10000010110000
10000100000000
10000101011111
10000111001100
10001001001000
10001011010010
10001101101010
10010000010000
10010011000011
10010110000011
10011001010000
10011100101001
10100000001110
10100011111110
10100111111010
10101100000000
10110000001111
10110100101001
10111001001011
10111101110110
11000010101001
11000111100011
11001100100100
11010001101011
11010110110111
11011100001000
11100001011110
11100110110111
11101100010100
11110001110011
11110111010011
11111100110100
00000010010110
00000111111000
00001101011000
00010010110111
00011000010100
00011101101110
00100011000100
00101000010110
00101101100011
00110010101011
00110111101101
00111100101000
01000001011100
01000110001000
01001010101100
01001111000111
01010011011000
01010111011111
01011011011100
01011111001110
01100010110101
01100110010000
01101001011110
01101100100000
01101111010110
01110001111101
01110100011000
01110110100100
01111000100010
01111010010010
01111011110011
01111101000101
01111110001001
01111110111101
01111111100010
01111111111000
01111111111111
01111111110110
01111111011111
01111110111000
01111110000001
01111100111100
01111011101000
01111010000101
01111000010011
01110110010100
01110100000110
01110001101010
01101111000000
01101100001010
01101001000110
01100101110110
01100010011010
01011110110010
01011010111110
01010111000000
01010010110111
01001110100101
01001010001001
01000101100100
01000000110111
00111100000010
00110111000110
00110010000100
00101100111011
00100111101101
00100010011011
00011101000100
00010111101010
00010010001101
00001100101110
00000111001101
00000001101011
11111100001001
11110110101000
11110001001000
11101011101001
11100110001101
11100000110101
11011011011111
11010110001111
11010001000011
11001011111100
11000110111100
11000010000011
10111101010001
10111000101000
10110100000110
10101111101110
10101011011111
10100111011011
10100011100001
10011111110010
10011100001110
10011000110111
10010101101011
10010010101101
10001111111011
10001101010111
10001011000001
10001000111000
10000110111110
10000101010010
10000011110101
10000010100111
10000001101000
10000000110111
10000000010110
10000000000100
10000000000010
10000000001111
10000000101011
10000001010110
10000010010000
10000011011001
10000100110010
10000110011001
10001000001110
10001010010010
10001100100100
10001111000011
10010001110000
10010100101010
10010111110001
10011011000101
10011110100101
10100010010000
10100110000110
10101010000111
10101110010011
10110010101000
10110111000110
10111011101101
11000000011100
11000101010011
11001010010001
11001111010101
11010100011111
11011001101111
11011111000010
11100100011010
11101001110101
11101111010011
11110100110011
11111010010100
11111111110101
00000101010111
00001010111000
00010000011000
00010101110110
00011011010001
00100000101001
00100101111101
00101011001101
00110000010111
00110101011100
00111010011010
00111111010001
01000100000001
01001000101000
01001101000111
01010001011101
01010101101001
01011001101011
01011101100010
01100001001110
01100100101110
01101000000010
01101011001010
01101110000101
01110000110011
01110011010011
01110101100110
01110111101010
01111001100001
01111011001001
01111100100010
01111101101100
01111110100111
01111111010011
01111111110000
01111111111110
01111111111100
01111111101011
01111111001011
01111110011100
01111101011101
01111100010000
01111010110100
01111001001001
01110111001111
01110101001000
01110010110010
01110000001111
01101101011110
01101010100001
01100111010110
01100011111111
01100000011100
01011100101110
01011000110101
01010100110001
01010000100011
01001100001011
01000111101010
01000011000001
00111110010000
00111001010111
00110100010111
00101111010001
00101010000110
00100100110101
00011111100000
00011010001000
00010100101100
00001111001101
00001001101101
00000100001100
11111110101010
11111001001001
11110011101000
11101110001000
11101000101011
11100011010001
11011101111010
11011000100111
11010011011001
11001110010000
11001001001101
11000100010001
10111111011011
10111010101110
10110110001001
10110001101100
10101101011001
10101001010000
10100101010001
10100001011101
10011101110100
10011010010111
10010111000110
10010100000010
10010001001010
10001110100000
10001100000011
10001001110101
10000111110100
10000110000001
10000100011110
10000011001001
10000010000010
10000001001011
10000000100011
10000000001011
10000000000001
10000000000111
10000000011100
10000001000000
10000001110100
10000010110110
10000100001000
10000101101000
10000111010111
10001001010100
10001011100000
10001101111001
10010000100000
10010011010100
10010110010101
10011001100011
10011100111101
10100000100011
10100100010101
10101000010001
10101100011000
10110000101001
10110101000011
10111001100110
10111110010010
11000011000101
11001000000000
11001101000001
11010010001001
11010111010110
11011100100111
11100001111101
11100111010111
11101100110100
11110010010010
11110111110011
11111101010100
00000010110110
00001000011000
00001101111000
00010011010111
00011000110011
00011110001101
00100011100011
00101000110101
00101110000001
00110011001001
00111000001010
00111101000100
01000001111000
01000110100011
01001011000110
01001111100000
01010011110000
01010111110111
01011011110011
01011111100100
01100011001001
01100110100011
01101001110001
01101100110001
01101111100101
01110010001100
01110100100101
01110110110000
01111000101101
01111010011011
01111011111011
01111101001100
01111110001110
01111111000001
01111111100101
01111111111010
01111111111111
01111111110101
01111111011100
01111110110011
01111101111100
01111100110101
01111011100000
01111001111011
01111000001000
01110110000111
01110011111000
01110001011011
01101110110000
01101011111000
01101000110100
01100101100010
01100010000101
01011110011100
01011010100111
01010110101000
01010010011111
01001110001011
01001001101111
01000101001001
01000000011011
00111011100110
00110110101001
00110001100110
00101100011101
00100111001111
00100001111100
00011100100101
00010111001010
00010001101101
00001100001110
00000110101101
00000001001011
11111011101001
11110110001000
11110000101000
11101011001010
11100101101110
11100000010101
11011011000001
11010101110000
11010000100101
11001011011111
11000110100000
11000001100111
10111100110110
10111000001101
10110011101100
10101111010101
10101011000111
10100111000011
10100011001010
10011111011101
10011011111010
10011000100100
10010101011010
10010010011100
10001111101100
10001101001001
10001010110100
10001000101101
10000110110100
10000101001001
10000011101101
10000010100000
10000001100011
10000000110100
10000000010100
10000000000100
10000000000010
10000000010000
10000000101110
10000001011010
10000010010110
10000011100001
10000100111010
10000110100011
10001000011001
10001010011110
10001100110001
10001111010010
10010010000001
10010100111100
10011000000100
10011011011001
10011110111001
10100010100110
10100110011101
10101010011111
10101110101011
10110011000001
10110111100001
10111100001000
11000000111000
11000101110000
11001010101110
11001111110011
11010100111110
11011010001101
11011111100001
11100100111010
11101010010101
11101111110011
11110101010011
11111010110100
00000000010101
00000101110111
00001011011000
00010000111000
00010110010101
00011011110000
00100001001000
00100110011100
00101011101011
00110000110101
00110101111001
00111010110110
00111111101101
01000100011100
01001001000011
01001101100001
01010001110110
01010110000001
01011010000010
01011101111000
01100001100010
01100101000010
01101000010101
01101011011011
01101110010101
01110001000010
01110011100001
01110101110010
01110111110110
01111001101011
01111011010001
01111100101001
01111101110010
01111110101100
01111111010111
01111111110010
01111111111110
01111111111011
01111111101001
01111111000111
01111110010111
01111101010111
01111100001000
01111010101011
01111000111110
01110111000100
01110100111011
01110010100100
01101111111111
01101101001110
01101010001111
01100111000011
01100011101011
01100000000111
01011100011000
01011000011110
01010100011001
01010000001010
01001011110001
01000111010000
01000010100101
00111101110011
00111000111010
00110011111010
00101110110011
00101001100111
00100100010110
00011111000001
00011001101000
00010100001100
00001110101101
00001001001101
00000011101100
11111110001010
11111000101000
11110011001000
11101101101001
11101000001100
11100010110010
11011101011011
11011000001000
11010010111011
11001101110010
11001000110000
11000011110100
10111111000000
10111010010011
10110101101110
10110001010011
10101101000001
10101000111000
10100100111010
10100001000111
10011101100000
10011010000100
10010110110100
10010011110001
10010000111010
10001110010001
10001011110110
10001001101000
10000111101001
10000101111000
10000100010101
10000011000010
10000001111101
10000001000111
10000000100000
10000000001001
10000000000001
10000000001000
10000000011111
10000001000100
10000001111001
10000010111101
10000100010000
10000101110001
10000111100010
10001001100000
10001011101101
10001110001000
10010000110000
10010011100101
10010110101000
10011001110111
10011101010010
10100000111001
10100100101011
10101000101001
10101100110000
10110001000010
10110101011101
10111010000001
10111110101101
11000011100001
11001000011101
11001101011111
11010010100111
11010111110100
11011101000110
11100010011101
11100111110111
11101101010011
11110010110010
11111000010011
11111101110101
00000011010110
00001000111000
00001110011000
00010011110111
00011001010011
00011110101100
00100100000010
00101001010011
00101110011111
00110011100110
00111000100111
00111101100001
01000010010011
01000110111110
01001011100000
01001111111001
01010100001001
01011000001110
01011100001001
01011111111001
01100011011110
01100110110110
01101010000011
01101101000010
01101111110101
01110010011010
01110100110010
01110110111100
01111000110111
01111010100101
01111100000011
01111101010011
01111110010011
01111111000101
01111111100111
01111111111011
01111111111111
01111111110011
01111111011001
01111110101111
01111101110110
01111100101110
01111011010111
01111001110001
01110111111101
01110101111011
01110011101010
01110001001100
01101110100000
01101011100111
01101000100001
01100101001111
01100001110000
01011110000110
01011010010001
01010110010001
01010010000110
01001101110010
01001001010100
01000100101110
01000000000000
00111011001001
00110110001100
00110001001000
00101011111111
00100110110000
00100001011101
00011100000101
00010110101011
00010001001101
00001011101101
00000110001101
00000000101011
11111011001001
11110101101000
11110000001000
11101010101010
11100101001111
11011111110110
11011010100010
11010101010010
11010000000111
11001011000010
11000110000011
11000001001011
10111100011011
10110111110010
10110011010011
10101110111100
10101010101111
10100110101100
10100010110100
10011111000111
10011011100110
10011000010001
10010101001000
10010010001100
10001111011100
10001100111011
10001010100111
10001000100001
10000110101001
10000101000000
10000011100110
10000010011010
10000001011110
10000000110000
10000000010010
10000000000011
10000000000011
10000000010011
10000000110001
10000001011111
10000010011100
10000011101000
10000101000011
10000110101101
10001000100101
10001010101011
10001101000000
10001111100010
10010010010001
10010101001110
10011000010111
10011011101101
10011111001110
10100010111100
10100110110100
10101010110111
10101111000100
10110011011011
10110111111011
10111100100100
11000001010100
11000110001100
11001011001100
11010000010001
11010101011100
11011010101100
11100000000001
11100101011001
11101010110101
11110000010011
11110101110011
11111011010100
00000000110110
00000110010111
00001011111000
00010001011000
00010110110101
00011100010000
00100001100111
00100110111010
00101100001001
00110001010010
00110110010110
00111011010011
01000000001001
01000100110111
01001001011101
01001101111010
01010010001110
01010110011000
01011010011000
01011110001101
01100001110111
01100101010101
01101000100111
01101011101101
01101110100101
01110001010001
01110011101111
01110101111111
01111000000001
01111001110101
01111011011010
01111100110000
01111101111000
01111110110000
01111111011010
01111111110100
01111111111111
01111111111010
01111111100111
01111111000100
01111110010010
01111101010000
01111100000000
01111010100001
01111000110100
01110110111000
01110100101110
01110010010110
01101111110000
01101100111101
01101001111101
01100110110000
01100011010111
01011111110010
01011100000010
01011000000110
01010100000000
01001111110001
01001011010111
01000110110101
01000010001010
00111101010111
00111000011101
00110011011100
00101110010101
00101001001001
00100011111000
00011110100010
00011001001001
00010011101100
00001110001101
00001000101101
00000011001100
11111101101010
11111000001000
11110010101000
11101101001001
11100111101100
11100010010010
11011100111100
11010111101010
11010010011101
11001101010101
11001000010011
11000011011000
10111110100100
10111001111000
10110101010100
10110000111001
10101100101000
10101000100001
10100100100100
10100000110010
10011101001011
10011001110000
10010110100010
10010011100000
10010000101010
10001110000011
10001011101000
10001001011100
10000111011110
10000101101110
10000100001101
10000010111011
10000001110111
10000001000011
10000000011110
10000000001000
10000000000001
10000000001010
10000000100001
10000001001000
10000001111111
10000011000100
10000100011000
10000101111011
10000111101101
10001001101100
10001011111010
10001110010110
10010001000000
10010011110110
10010110111010
10011010001010
10011101100110
10100001001110
10100101000010
10101001000000
10101101001001
10110001011011
10110101110111
10111010011100
10111111001001
11000011111110
11001000111010
11001101111100
11010011000101
11011000010011
11011101100101
11100010111100
11101000010110
11101101110011
11110011010010
11111000110011
11111110010101
00000011110111
00001001011000
00001110111000
00010100010111
00011001110011
00011111001011
00100100100001
00101001110001
00101110111101
00110100000100
00111001000100
00111101111101
01000010101111
01000111011000
01001011111010
01010000010010
01010100100001
01011000100101
01011100011111
01100000001110
01100011110010
01100111001001
01101010010101
01101101010011
01110000000101
01110010101001
01110100111111
01110111001000
01111001000010
01111010101110
01111100001011
01111101011001
01111110011000
01111111001001
01111111101010
01111111111100
01111111111110
01111111110001
01111111010101
01111110101010
01111101110000
01111100100111
01111011001110
01111001100111
01110111110010
01110101101110
01110011011100
01110000111101
01101110010000
01101011010110
01101000001111
01100100111011
01100001011011
01011101110000
01011001111010
01010101111001
01010001101101
01001101011000
01001000111010
01000100010011
00111111100100
00111010101101
00110101101111
00110000101011
00101011100001
00100110010001
00100000111110
00011011100110
00010110001011
00010000101101
00001011001101
00000101101100
00000000001011
11111010101001
11110101001000
11101111101000
11101010001010
11100100101111
11011111010111
11011010000011
11010100110011
11001111101001
11001010100100
11000101100110
11000000101111
10111011111111
10110111011000
10110010111001
10101110100011
10101010010111
10100110010101
10100010011110
10011110110010
10011011010010
10010111111110
10010100110110
10010001111011
10001111001101
10001100101101
10001010011010
10001000010110
10000110011111
10000100110111
10000011011110
10000010010100
10000001011001
10000000101101
10000000010000
10000000000010
10000000000100
10000000010101
10000000110101
10000001100100
10000010100011
10000011110000
10000101001100
10000110110111
10001000110001
10001010111000
10001101001110
10001111110001
10010010100010
10010101011111
10011000101010
10011100000001
10011111100100
10100011010010
10100111001011
10101011001111
10101111011101
10110011110101
10111000010110
10111100111111
11000001110000
11000110101001
11001011101001
11010000101111
11010101111010
11011011001011
11100000100000
11100101111000
11101011010100
11110000110011
11110110010011
11111011110100
00000001010110
00000110110111
00001100011000
00010001111000
00010111010101
00011100101111
00100010000110
00100111011001
00101100100111
00110001110000
00110110110011
00111011101111
01000000100101
01000101010010
01001001110111
01001110010100
01010010100111
01010110110000
01011010101111
01011110100011
01100010001100
01100101101001
01101000111010
01101011111110
