00000000000000
11111010111110
11110101111101
11110000111101
11101011111111
11100111000010
11100010001000
11011101010001
11011000011101
11010011101101
11001111000001
11001010011011
11000101111001
11000001011110
10111101001000
10111000111001
10110100110001
10110000110001
10101100111000
10101001001000
10100101100000
10100010000001
10011110101100
10011011011111
10011000011101
10010101100101
10010010111000
10010000010101
10001101111110
10001011110001
10001001110001
10000111111011
10000110010010
10000100110101
10000011100011
10000010011110
10000001100110
10000000111010
10000000011010
10000000000111
10000000000001
10000000000111
10000000011010
10000000111010
10000001100110
10000010011110
10000011100011
10000100110101
10000110010010
10000111111011
10001001110001
10001011110001
10001101111110
10010000010101
10010010111000
10010101100101
10011000011101
10011011011111
10011110101100
10100010000001
10100101100000
10101001001000
10101100111000
10110000110001
10110100110001
10111000111001
10111101001000
11000001011110
11000101111001
11001010011011
11001111000001
11010011101101
11011000011101
11011101010001
11100010001000
11100111000010
11101011111111
11110000111101
11110101111101
11111010111110
00000000000000
00000101000010
00001010000011
00001111000011
00010100000001
00011000111110
00011101111000
00100010101111
00100111100011
00101100010011
00110000111111
00110101100101
00111010000111
00111110100010
01000010111000
01000111000111
01001011001111
01001111001111
01010011001000
01010110111000
01011010100000
01011101111111
01100001010100
01100100100001
01100111100011
01101010011011
01101101001000
01101111101011
01110010000010
01110100001111
01110110001111
01111000000101
01111001101110
01111011001011
01111100011101
01111101100010
01111110011010
01111111000110
01111111100110
01111111111001
01111111111111
01111111111001
01111111100110
01111111000110
01111110011010
01111101100010
01111100011101
01111011001011
01111001101110
01111000000101
01110110001111
01110100001111
01110010000010
01101111101011
01101101001000
01101010011011
01100111100011
01100100100001
01100001010100
01011101111111
01011010100000
01010110111000
01010011001000
01001111001111
01001011001111
01000111000111
01000010111000
00111110100010
00111010000111
00110101100101
00110000111111
00101100010011
00100111100011
00100010101111
00011101111000
00011000111110
00010100000001
00001111000011
00001010000011
00000101000010
00000000000000
11111010111110
11110101111101
11110000111101
11101011111111
11100111000010
11100010001000
11011101010001
11011000011101
11010011101101
11001111000001
11001010011011
11000101111001
11000001011110
10111101001000
10111000111001
10110100110001
10110000110001
10101100111000
10101001001000
10100101100000
10100010000001
10011110101100
10011011011111
10011000011101
10010101100101
10010010111000
10010000010101
10001101111110
10001011110001
10001001110001
10000111111011
10000110010010
10000100110101
10000011100011
10000010011110
10000001100110
10000000111010
10000000011010
10000000000111
10000000000001
10000000000111
10000000011010
10000000111010
10000001100110
10000010011110
10000011100011
10000100110101
10000110010010
10000111111011
10001001110001
10001011110001
10001101111110
10010000010101
10010010111000
10010101100101
10011000011101
10011011011111
10011110101100
10100010000001
10100101100000
10101001001000
10101100111000
10110000110001
10110100110001
10111000111001
10111101001000
11000001011110
11000101111001
11001010011011
11001111000001
11010011101101
11011000011101
11011101010001
11100010001000
11100111000010
11101011111111
11110000111101
11110101111101
11111010111110
00000000000000
00000101000010
00001010000011
00001111000011
00010100000001
00011000111110
00011101111000
00100010101111
00100111100011
00101100010011
00110000111111
00110101100101
00111010000111
00111110100010
01000010111000
01000111000111
01001011001111
01001111001111
01010011001000
01010110111000
01011010100000
01011101111111
01100001010100
01100100100001
01100111100011
01101010011011
01101101001000
01101111101011
01110010000010
01110100001111
01110110001111
01111000000101
01111001101110
01111011001011
01111100011101
01111101100010
01111110011010
01111111000110
01111111100110
01111111111001
01111111111111
01111111111001
01111111100110
01111111000110
01111110011010
01111101100010
01111100011101
01111011001011
01111001101110
01111000000101
01110110001111
01110100001111
01110010000010
01101111101011
01101101001000
01101010011011
01100111100011
01100100100001
01100001010100
01011101111111
01011010100000
01010110111000
01010011001000
01001111001111
01001011001111
01000111000111
01000010111000
00111110100010
00111010000111
00110101100101
00110000111111
00101100010011
00100111100011
00100010101111
00011101111000
00011000111110
00010100000001
00001111000011
00001010000011
00000101000010
00000000000000
11111010111110
11110101111101
11110000111101
11101011111111
11100111000010
11100010001000
11011101010001
11011000011101
11010011101101
11001111000001
11001010011011
11000101111001
11000001011110
10111101001000
10111000111001
10110100110001
10110000110001
10101100111000
10101001001000
10100101100000
10100010000001
10011110101100
10011011011111
10011000011101
10010101100101
10010010111000
10010000010101
10001101111110
10001011110001
10001001110001
10000111111011
10000110010010
10000100110101
10000011100011
10000010011110
10000001100110
10000000111010
10000000011010
10000000000111
10000000000001
10000000000111
10000000011010
10000000111010
10000001100110
10000010011110
10000011100011
10000100110101
10000110010010
10000111111011
10001001110001
10001011110001
10001101111110
10010000010101
10010010111000
10010101100101
10011000011101
10011011011111
10011110101100
10100010000001
10100101100000
10101001001000
10101100111000
10110000110001
10110100110001
10111000111001
10111101001000
11000001011110
11000101111001
11001010011011
11001111000001
11010011101101
11011000011101
11011101010001
11100010001000
11100111000010
11101011111111
11110000111101
11110101111101
11111010111110
00000000000000
00000101000010
00001010000011
00001111000011
00010100000001
00011000111110
00011101111000
00100010101111
00100111100011
00101100010011
00110000111111
00110101100101
00111010000111
00111110100010
01000010111000
01000111000111
01001011001111
01001111001111
01010011001000
01010110111000
01011010100000
01011101111111
01100001010100
01100100100001
01100111100011
01101010011011
01101101001000
01101111101011
01110010000010
01110100001111
01110110001111
01111000000101
01111001101110
01111011001011
01111100011101
01111101100010
01111110011010
01111111000110
01111111100110
01111111111001
01111111111111
01111111111001
01111111100110
01111111000110
01111110011010
01111101100010
01111100011101
01111011001011
01111001101110
01111000000101
01110110001111
01110100001111
01110010000010
01101111101011
01101101001000
01101010011011
01100111100011
01100100100001
01100001010100
01011101111111
01011010100000
01010110111000
01010011001000
01001111001111
01001011001111
01000111000111
01000010111000
00111110100010
00111010000111
00110101100101
00110000111111
00101100010011
00100111100011
00100010101111
00011101111000
00011000111110
00010100000001
00001111000011
00001010000011
00000101000010
00000000000000
11111010111110
11110101111101
11110000111101
11101011111111
11100111000010
11100010001000
11011101010001
11011000011101
11010011101101
11001111000001
11001010011011
11000101111001
11000001011110
10111101001000
10111000111001
10110100110001
10110000110001
10101100111000
10101001001000
10100101100000
10100010000001
10011110101100
10011011011111
10011000011101
10010101100101
10010010111000
10010000010101
10001101111110
10001011110001
10001001110001
10000111111011
10000110010010
10000100110101
10000011100011
10000010011110
10000001100110
10000000111010
10000000011010
10000000000111
10000000000001
10000000000111
10000000011010
10000000111010
10000001100110
10000010011110
10000011100011
10000100110101
10000110010010
10000111111011
10001001110001
10001011110001
10001101111110
10010000010101
10010010111000
10010101100101
10011000011101
10011011011111
10011110101100
10100010000001
10100101100000
10101001001000
10101100111000
10110000110001
10110100110001
10111000111001
10111101001000
11000001011110
11000101111001
11001010011011
11001111000001
11010011101101
11011000011101
11011101010001
11100010001000
11100111000010
11101011111111
11110000111101
11110101111101
11111010111110
00000000000000
00000101000010
00001010000011
00001111000011
00010100000001
00011000111110
00011101111000
00100010101111
00100111100011
00101100010011
00110000111111
00110101100101
00111010000111
00111110100010
01000010111000
01000111000111
01001011001111
01001111001111
01010011001000
01010110111000
01011010100000
01011101111111
01100001010100
01100100100001
01100111100011
01101010011011
01101101001000
01101111101011
01110010000010
01110100001111
01110110001111
01111000000101
01111001101110
01111011001011
01111100011101
01111101100010
01111110011010
01111111000110
01111111100110
01111111111001
01111111111111
01111111111001
01111111100110
01111111000110
01111110011010
01111101100010
01111100011101
01111011001011
01111001101110
01111000000101
01110110001111
01110100001111
01110010000010
01101111101011
01101101001000
01101010011011
01100111100011
01100100100001
01100001010100
01011101111111
01011010100000
01010110111000
01010011001000
01001111001111
01001011001111
01000111000111
01000010111000
00111110100010
00111010000111
00110101100101
00110000111111
00101100010011
00100111100011
00100010101111
00011101111000
00011000111110
00010100000001
00001111000011
00001010000011
00000101000010
00000000000000
11111010111110
11110101111101
11110000111101
11101011111111
11100111000010
11100010001000
11011101010001
11011000011101
11010011101101
11001111000001
11001010011011
11000101111001
11000001011110
10111101001000
10111000111001
10110100110001
10110000110001
10101100111000
10101001001000
10100101100000
10100010000001
10011110101100
10011011011111
10011000011101
10010101100101
10010010111000
10010000010101
10001101111110
10001011110001
10001001110001
10000111111011
10000110010010
10000100110101
10000011100011
10000010011110
10000001100110
10000000111010
10000000011010
10000000000111
10000000000001
10000000000111
10000000011010
10000000111010
10000001100110
10000010011110
10000011100011
10000100110101
10000110010010
10000111111011
10001001110001
10001011110001
10001101111110
10010000010101
10010010111000
10010101100101
10011000011101
10011011011111
10011110101100
10100010000001
10100101100000
10101001001000
10101100111000
10110000110001
10110100110001
10111000111001
10111101001000
11000001011110
11000101111001
11001010011011
11001111000001
11010011101101
11011000011101
11011101010001
11100010001000
11100111000010
11101011111111
11110000111101
11110101111101
11111010111110
00000000000000
00000101000010
00001010000011
00001111000011
00010100000001
00011000111110
00011101111000
00100010101111
00100111100011
00101100010011
00110000111111
00110101100101
00111010000111
00111110100010
01000010111000
01000111000111
01001011001111
01001111001111
01010011001000
01010110111000
01011010100000
01011101111111
01100001010100
01100100100001
01100111100011
01101010011011
01101101001000
01101111101011
01110010000010
01110100001111
01110110001111
01111000000101
01111001101110
01111011001011
01111100011101
01111101100010
01111110011010
01111111000110
01111111100110
01111111111001
01111111111111
01111111111001
01111111100110
01111111000110
01111110011010
01111101100010
01111100011101
01111011001011
01111001101110
01111000000101
01110110001111
01110100001111
01110010000010
01101111101011
01101101001000
01101010011011
01100111100011
01100100100001
01100001010100
01011101111111
01011010100000
01010110111000
01010011001000
01001111001111
01001011001111
01000111000111
01000010111000
00111110100010
00111010000111
00110101100101
00110000111111
00101100010011
00100111100011
00100010101111
00011101111000
00011000111110
00010100000001
00001111000011
00001010000011
00000101000010
00000000000000
11111010111110
11110101111101
11110000111101
11101011111111
11100111000010
11100010001000
11011101010001
11011000011101
11010011101101
11001111000001
11001010011011
11000101111001
11000001011110
10111101001000
10111000111001
10110100110001
10110000110001
10101100111000
10101001001000
10100101100000
10100010000001
10011110101100
10011011011111
10011000011101
10010101100101
10010010111000
10010000010101
10001101111110
10001011110001
10001001110001
10000111111011
10000110010010
10000100110101
10000011100011
10000010011110
10000001100110
10000000111010
10000000011010
10000000000111
10000000000001
10000000000111
10000000011010
10000000111010
10000001100110
10000010011110
10000011100011
10000100110101
10000110010010
10000111111011
10001001110001
10001011110001
10001101111110
10010000010101
10010010111000
10010101100101
10011000011101
10011011011111
10011110101100
10100010000001
10100101100000
10101001001000
10101100111000
10110000110001
10110100110001
10111000111001
10111101001000
11000001011110
11000101111001
11001010011011
11001111000001
11010011101101
11011000011101
11011101010001
11100010001000
11100111000010
11101011111111
11110000111101
11110101111101
11111010111110
00000000000000
00000101000010
00001010000011
00001111000011
00010100000001
00011000111110
00011101111000
00100010101111
00100111100011
00101100010011
00110000111111
00110101100101
00111010000111
00111110100010
01000010111000
01000111000111
01001011001111
01001111001111
01010011001000
01010110111000
01011010100000
01011101111111
01100001010100
01100100100001
01100111100011
01101010011011
01101101001000
01101111101011
01110010000010
01110100001111
01110110001111
01111000000101
01111001101110
01111011001011
01111100011101
01111101100010
01111110011010
01111111000110
01111111100110
01111111111001
01111111111111
01111111111001
01111111100110
01111111000110
01111110011010
01111101100010
01111100011101
01111011001011
01111001101110
01111000000101
01110110001111
01110100001111
01110010000010
01101111101011
01101101001000
01101010011011
01100111100011
01100100100001
01100001010100
01011101111111
01011010100000
01010110111000
01010011001000
01001111001111
01001011001111
01000111000111
01000010111000
00111110100010
00111010000111
00110101100101
00110000111111
00101100010011
00100111100011
00100010101111
00011101111000
00011000111110
00010100000001
00001111000011
00001010000011
00000101000010
00000000000000
11111010111110
11110101111101
11110000111101
11101011111111
11100111000010
11100010001000
11011101010001
11011000011101
11010011101101
11001111000001
11001010011011
11000101111001
11000001011110
10111101001000
10111000111001
10110100110001
10110000110001
10101100111000
10101001001000
10100101100000
10100010000001
10011110101100
10011011011111
10011000011101
10010101100101
10010010111000
10010000010101
10001101111110
10001011110001
10001001110001
10000111111011
10000110010010
10000100110101
10000011100011
10000010011110
10000001100110
10000000111010
10000000011010
10000000000111
10000000000001
10000000000111
10000000011010
10000000111010
10000001100110
10000010011110
10000011100011
10000100110101
10000110010010
10000111111011
10001001110001
10001011110001
10001101111110
10010000010101
10010010111000
10010101100101
10011000011101
10011011011111
10011110101100
10100010000001
10100101100000
10101001001000
10101100111000
10110000110001
10110100110001
10111000111001
10111101001000
11000001011110
11000101111001
11001010011011
11001111000001
11010011101101
11011000011101
11011101010001
11100010001000
11100111000010
11101011111111
11110000111101
11110101111101
11111010111110
00000000000000
00000101000010
00001010000011
00001111000011
00010100000001
00011000111110
00011101111000
00100010101111
00100111100011
00101100010011
00110000111111
00110101100101
00111010000111
00111110100010
01000010111000
01000111000111
01001011001111
01001111001111
01010011001000
01010110111000
01011010100000
01011101111111
01100001010100
01100100100001
01100111100011
01101010011011
01101101001000
01101111101011
01110010000010
01110100001111
01110110001111
01111000000101
01111001101110
01111011001011
01111100011101
01111101100010
01111110011010
01111111000110
01111111100110
01111111111001
01111111111111
01111111111001
01111111100110
01111111000110
01111110011010
01111101100010
01111100011101
01111011001011
01111001101110
01111000000101
01110110001111
01110100001111
01110010000010
01101111101011
01101101001000
01101010011011
01100111100011
01100100100001
01100001010100
01011101111111
01011010100000
01010110111000
01010011001000
01001111001111
01001011001111
01000111000111
01000010111000
00111110100010
00111010000111
00110101100101
00110000111111
00101100010011
00100111100011
00100010101111
00011101111000
00011000111110
00010100000001
00001111000011
00001010000011
00000101000010
00000000000000
11111010111110
11110101111101
11110000111101
11101011111111
11100111000010
11100010001000
11011101010001
11011000011101
11010011101101
11001111000001
11001010011011
11000101111001
11000001011110
10111101001000
10111000111001
10110100110001
10110000110001
10101100111000
10101001001000
10100101100000
10100010000001
10011110101100
10011011011111
10011000011101
10010101100101
10010010111000
10010000010101
10001101111110
10001011110001
10001001110001
10000111111011
10000110010010
10000100110101
10000011100011
10000010011110
10000001100110
10000000111010
10000000011010
10000000000111
10000000000001
10000000000111
10000000011010
10000000111010
10000001100110
10000010011110
10000011100011
10000100110101
10000110010010
10000111111011
10001001110001
10001011110001
10001101111110
10010000010101
10010010111000
10010101100101
10011000011101
10011011011111
10011110101100
10100010000001
10100101100000
10101001001000
10101100111000
10110000110001
10110100110001
10111000111001
10111101001000
11000001011110
11000101111001
11001010011011
11001111000001
11010011101101
11011000011101
11011101010001
11100010001000
11100111000010
11101011111111
11110000111101
11110101111101
11111010111110
00000000000000
00000101000010
00001010000011
00001111000011
00010100000001
00011000111110
00011101111000
00100010101111
00100111100011
00101100010011
00110000111111
00110101100101
00111010000111
00111110100010
01000010111000
01000111000111
01001011001111
01001111001111
01010011001000
01010110111000
01011010100000
01011101111111
01100001010100
01100100100001
01100111100011
01101010011011
01101101001000
01101111101011
01110010000010
01110100001111
01110110001111
01111000000101
01111001101110
01111011001011
01111100011101
01111101100010
01111110011010
01111111000110
01111111100110
01111111111001
01111111111111
01111111111001
01111111100110
01111111000110
01111110011010
01111101100010
01111100011101
01111011001011
01111001101110
01111000000101
01110110001111
01110100001111
01110010000010
01101111101011
01101101001000
01101010011011
01100111100011
01100100100001
01100001010100
01011101111111
01011010100000
01010110111000
01010011001000
01001111001111
01001011001111
01000111000111
01000010111000
00111110100010
00111010000111
00110101100101
00110000111111
00101100010011
00100111100011
00100010101111
00011101111000
00011000111110
00010100000001
00001111000011
00001010000011
00000101000010
00000000000000
11111010111110
11110101111101
11110000111101
11101011111111
11100111000010
11100010001000
11011101010001
11011000011101
11010011101101
11001111000001
11001010011011
11000101111001
11000001011110
10111101001000
10111000111001
10110100110001
10110000110001
10101100111000
10101001001000
10100101100000
10100010000001
10011110101100
10011011011111
10011000011101
10010101100101
10010010111000
10010000010101
10001101111110
10001011110001
10001001110001
10000111111011
10000110010010
10000100110101
10000011100011
10000010011110
10000001100110
10000000111010
10000000011010
10000000000111
10000000000001
10000000000111
10000000011010
10000000111010
10000001100110
10000010011110
10000011100011
10000100110101
10000110010010
10000111111011
10001001110001
10001011110001
10001101111110
10010000010101
10010010111000
10010101100101
10011000011101
10011011011111
10011110101100
10100010000001
10100101100000
10101001001000
10101100111000
10110000110001
10110100110001
10111000111001
10111101001000
11000001011110
11000101111001
11001010011011
11001111000001
11010011101101
11011000011101
11011101010001
11100010001000
11100111000010
11101011111111
11110000111101
11110101111101
11111010111110
00000000000000
00000101000010
00001010000011
00001111000011
00010100000001
00011000111110
00011101111000
00100010101111
00100111100011
00101100010011
00110000111111
00110101100101
00111010000111
00111110100010
01000010111000
01000111000111
01001011001111
01001111001111
01010011001000
01010110111000
01011010100000
01011101111111
01100001010100
01100100100001
01100111100011
01101010011011
01101101001000
01101111101011
01110010000010
01110100001111
01110110001111
01111000000101
01111001101110
01111011001011
01111100011101
01111101100010
01111110011010
01111111000110
01111111100110
01111111111001
01111111111111
01111111111001
01111111100110
01111111000110
01111110011010
01111101100010
01111100011101
01111011001011
01111001101110
01111000000101
01110110001111
01110100001111
01110010000010
01101111101011
01101101001000
01101010011011
01100111100011
01100100100001
01100001010100
01011101111111
01011010100000
01010110111000
01010011001000
01001111001111
01001011001111
01000111000111
01000010111000
00111110100010
00111010000111
00110101100101
00110000111111
00101100010011
00100111100011
00100010101111
00011101111000
00011000111110
00010100000001
00001111000011
00001010000011
00000101000010
00000000000000
11111010111110
11110101111101
11110000111101
11101011111111
11100111000010
11100010001000
11011101010001
11011000011101
11010011101101
11001111000001
11001010011011
11000101111001
11000001011110
10111101001000
10111000111001
10110100110001
10110000110001
10101100111000
10101001001000
10100101100000
10100010000001
10011110101100
10011011011111
10011000011101
10010101100101
10010010111000
10010000010101
10001101111110
10001011110001
10001001110001
10000111111011
10000110010010
10000100110101
10000011100011
10000010011110
10000001100110
10000000111010
10000000011010
10000000000111
10000000000001
10000000000111
10000000011010
10000000111010
10000001100110
10000010011110
10000011100011
10000100110101
10000110010010
10000111111011
10001001110001
10001011110001
10001101111110
10010000010101
10010010111000
10010101100101
10011000011101
10011011011111
10011110101100
10100010000001
10100101100000
10101001001000
10101100111000
10110000110001
10110100110001
10111000111001
10111101001000
11000001011110
11000101111001
11001010011011
11001111000001
11010011101101
11011000011101
11011101010001
11100010001000
11100111000010
11101011111111
11110000111101
11110101111101
11111010111110
00000000000000
00000101000010
00001010000011
00001111000011
00010100000001
00011000111110
00011101111000
00100010101111
00100111100011
00101100010011
00110000111111
00110101100101
00111010000111
00111110100010
01000010111000
01000111000111
01001011001111
01001111001111
01010011001000
01010110111000
01011010100000
01011101111111
01100001010100
01100100100001
01100111100011
01101010011011
01101101001000
01101111101011
01110010000010
01110100001111
01110110001111
01111000000101
01111001101110
01111011001011
01111100011101
01111101100010
01111110011010
01111111000110
01111111100110
01111111111001
01111111111111
01111111111001
01111111100110
01111111000110
01111110011010
01111101100010
01111100011101
01111011001011
01111001101110
01111000000101
01110110001111
01110100001111
01110010000010
01101111101011
01101101001000
01101010011011
01100111100011
01100100100001
01100001010100
01011101111111
01011010100000
01010110111000
01010011001000
01001111001111
01001011001111
01000111000111
01000010111000
00111110100010
00111010000111
00110101100101
00110000111111
00101100010011
00100111100011
00100010101111
00011101111000
00011000111110
00010100000001
00001111000011
00001010000011
00000101000010
