01000000000000
00111011100110
00110111000111
00110010100010
00101101111000
00101001001001
00100100010111
00011111100000
00011010100111
00010101101011
00010000101101
00001011101110
00000110101101
00000001101011
11111100101010
11110111101000
11110010101000
11101101101001
11101000101011
11100011110000
11011110111000
11011010000011
11010101010010
11010000100101
11001011111100
11000111011001
11000010111011
10111110100100
10111010010010
10110110001000
10110010000101
10101110001010
10101010010111
10100110101100
10100011001010
10011111110001
10011100100010
10011001011100
10010110100001
10010011110000
10010001001010
10001110101110
10001100011110
10001010011010
10001000100000
10000110110011
10000101010010
10000011111100
10000010110011
10000001110111
10000001000110
10000000100011
10000000001100
10000000000001
10000000000011
10000000010010
10000000101101
10000001010101
10000010001001
10000011001010
10000100010111
10000101110001
10000111010110
10001001000111
10001011000101
10001101001101
10001111100001
10010010000000
10010100101010
10010111011110
10011010011101
10011101100110
10100000111000
10100100010100
10100111111001
10101011100111
10101111011101
10110011011011
10110111100000
10111011101101
11000000000000
11000100011010
11001000111001
11001101011110
11010010001000
11010110110111
11011011101001
11100000100000
11100101011001
11101010010101
11101111010011
11110100010010
11111001010011
11111110010101
00000011010110
00001000011000
00001101011000
00010010010111
00010111010101
00011100010000
00100001001000
00100101111101
00101010101110
00101111011011
00110100000100
00111000100111
00111101000101
01000001011100
01000101101110
01001001111000
01001101111011
01010001110110
01010101101001
01011001010100
01011100110110
01100000001111
01100011011110
01100110100100
01101001011111
01101100010000
01101110110110
01110001010010
01110011100010
01110101100110
01110111100000
01111001001101
01111010101110
01111100000100
01111101001101
01111110001001
01111110111010
01111111011101
01111111110100
01111111111111
01111111111101
01111111101110
01111111010011
01111110101011
01111101110111
01111100110110
01111011101001
01111010001111
01111000101010
01110110111001
01110100111011
01110010110011
01110000011111
01101110000000
01101011010110
01101000100010
01100101100011
01100010011010
01011111001000
01011011101100
01011000000111
01010100011001
01010000100011
01001100100101
01001000100000
01000100010011
01000000000000
00111011100110
00110111000111
00110010100010
00101101111000
00101001001001
00100100010111
00011111100000
00011010100111
00010101101011
00010000101101
00001011101110
00000110101101
00000001101011
11111100101010
11110111101000
11110010101000
11101101101001
11101000101011
11100011110000
11011110111000
11011010000011
11010101010010
11010000100101
11001011111100
11000111011001
11000010111011
10111110100100
10111010010010
10110110001000
10110010000101
10101110001010
10101010010111
10100110101100
10100011001010
10011111110001
10011100100010
10011001011100
10010110100001
10010011110000
10010001001010
10001110101110
10001100011110
10001010011010
10001000100000
10000110110011
10000101010010
10000011111100
10000010110011
10000001110111
10000001000110
10000000100011
10000000001100
10000000000001
10000000000011
10000000010010
10000000101101
10000001010101
10000010001001
10000011001010
10000100010111
10000101110001
10000111010110
10001001000111
10001011000101
10001101001101
10001111100001
10010010000000
10010100101010
10010111011110
10011010011101
10011101100110
10100000111000
10100100010100
10100111111001
10101011100111
10101111011101
10110011011011
10110111100000
10111011101101
11000000000000
11000100011010
11001000111001
11001101011110
11010010001000
11010110110111
11011011101001
11100000100000
11100101011001
11101010010101
11101111010011
11110100010010
11111001010011
11111110010101
00000011010110
00001000011000
00001101011000
00010010010111
00010111010101
00011100010000
00100001001000
00100101111101
00101010101110
00101111011011
00110100000100
00111000100111
00111101000101
01000001011100
01000101101110
01001001111000
01001101111011
01010001110110
01010101101001
01011001010100
01011100110110
01100000001111
01100011011110
01100110100100
01101001011111
01101100010000
01101110110110
01110001010010
01110011100010
01110101100110
01110111100000
01111001001101
01111010101110
01111100000100
01111101001101
01111110001001
01111110111010
01111111011101
01111111110100
01111111111111
01111111111101
01111111101110
01111111010011
01111110101011
01111101110111
01111100110110
01111011101001
01111010001111
01111000101010
01110110111001
01110100111011
01110010110011
01110000011111
01101110000000
01101011010110
01101000100010
01100101100011
01100010011010
01011111001000
01011011101100
01011000000111
01010100011001
01010000100011
01001100100101
01001000100000
01000100010011
01000000000000
00111011100110
00110111000111
00110010100010
00101101111000
00101001001001
00100100010111
00011111100000
00011010100111
00010101101011
00010000101101
00001011101110
00000110101101
00000001101011
11111100101010
11110111101000
11110010101000
11101101101001
11101000101011
11100011110000
11011110111000
11011010000011
11010101010010
11010000100101
11001011111100
11000111011001
11000010111011
10111110100100
10111010010010
10110110001000
10110010000101
10101110001010
10101010010111
10100110101100
10100011001010
10011111110001
10011100100010
10011001011100
10010110100001
10010011110000
10010001001010
10001110101110
10001100011110
10001010011010
10001000100000
10000110110011
10000101010010
10000011111100
10000010110011
10000001110111
10000001000110
10000000100011
10000000001100
10000000000001
10000000000011
10000000010010
10000000101101
10000001010101
10000010001001
10000011001010
10000100010111
10000101110001
10000111010110
10001001000111
10001011000101
10001101001101
10001111100001
10010010000000
10010100101010
10010111011110
10011010011101
10011101100110
10100000111000
10100100010100
10100111111001
10101011100111
10101111011101
10110011011011
10110111100000
10111011101101
11000000000000
11000100011010
11001000111001
11001101011110
11010010001000
11010110110111
11011011101001
11100000100000
11100101011001
11101010010101
11101111010011
11110100010010
11111001010011
11111110010101
00000011010110
00001000011000
00001101011000
00010010010111
00010111010101
00011100010000
00100001001000
00100101111101
00101010101110
00101111011011
00110100000100
00111000100111
00111101000101
01000001011100
01000101101110
01001001111000
01001101111011
01010001110110
01010101101001
01011001010100
01011100110110
01100000001111
01100011011110
01100110100100
01101001011111
01101100010000
01101110110110
01110001010010
01110011100010
01110101100110
01110111100000
01111001001101
01111010101110
01111100000100
01111101001101
01111110001001
01111110111010
01111111011101
01111111110100
01111111111111
01111111111101
01111111101110
01111111010011
01111110101011
01111101110111
01111100110110
01111011101001
01111010001111
01111000101010
01110110111001
01110100111011
01110010110011
01110000011111
01101110000000
01101011010110
01101000100010
01100101100011
01100010011010
01011111001000
01011011101100
01011000000111
01010100011001
01010000100011
01001100100101
01001000100000
01000100010011
01000000000000
00111011100110
00110111000111
00110010100010
00101101111000
00101001001001
00100100010111
00011111100000
00011010100111
00010101101011
00010000101101
00001011101110
00000110101101
00000001101011
11111100101010
11110111101000
11110010101000
11101101101001
11101000101011
11100011110000
11011110111000
11011010000011
11010101010010
11010000100101
11001011111100
11000111011001
11000010111011
10111110100100
10111010010010
10110110001000
10110010000101
10101110001010
10101010010111
10100110101100
10100011001010
10011111110001
10011100100010
10011001011100
10010110100001
10010011110000
10010001001010
10001110101110
10001100011110
10001010011010
10001000100000
10000110110011
10000101010010
10000011111100
10000010110011
10000001110111
10000001000110
10000000100011
10000000001100
10000000000001
10000000000011
10000000010010
10000000101101
10000001010101
10000010001001
10000011001010
10000100010111
10000101110001
10000111010110
10001001000111
10001011000101
10001101001101
10001111100001
10010010000000
10010100101010
10010111011110
10011010011101
10011101100110
10100000111000
10100100010100
10100111111001
10101011100111
10101111011101
10110011011011
10110111100000
10111011101101
11000000000000
11000100011010
11001000111001
11001101011110
11010010001000
11010110110111
11011011101001
11100000100000
11100101011001
11101010010101
11101111010011
11110100010010
11111001010011
11111110010101
00000011010110
00001000011000
00001101011000
00010010010111
00010111010101
00011100010000
00100001001000
00100101111101
00101010101110
00101111011011
00110100000100
00111000100111
00111101000101
01000001011100
01000101101110
01001001111000
01001101111011
01010001110110
01010101101001
01011001010100
01011100110110
01100000001111
01100011011110
01100110100100
01101001011111
01101100010000
01101110110110
01110001010010
01110011100010
01110101100110
01110111100000
01111001001101
01111010101110
01111100000100
01111101001101
01111110001001
01111110111010
01111111011101
01111111110100
01111111111111
01111111111101
01111111101110
01111111010011
01111110101011
01111101110111
01111100110110
01111011101001
01111010001111
01111000101010
01110110111001
01110100111011
01110010110011
01110000011111
01101110000000
01101011010110
01101000100010
01100101100011
01100010011010
01011111001000
01011011101100
01011000000111
01010100011001
01010000100011
01001100100101
01001000100000
01000100010011
01000000000000
00111011100110
00110111000111
00110010100010
00101101111000
00101001001001
00100100010111
00011111100000
00011010100111
00010101101011
00010000101101
00001011101110
00000110101101
00000001101011
11111100101010
11110111101000
11110010101000
11101101101001
11101000101011
11100011110000
11011110111000
11011010000011
11010101010010
11010000100101
11001011111100
11000111011001
11000010111011
10111110100100
10111010010010
10110110001000
10110010000101
10101110001010
10101010010111
10100110101100
10100011001010
10011111110001
10011100100010
10011001011100
10010110100001
10010011110000
10010001001010
10001110101110
10001100011110
10001010011010
10001000100000
10000110110011
10000101010010
10000011111100
10000010110011
10000001110111
10000001000110
10000000100011
10000000001100
10000000000001
10000000000011
10000000010010
10000000101101
10000001010101
10000010001001
10000011001010
10000100010111
10000101110001
10000111010110
10001001000111
10001011000101
10001101001101
10001111100001
10010010000000
10010100101010
10010111011110
10011010011101
10011101100110
10100000111000
10100100010100
10100111111001
10101011100111
10101111011101
10110011011011
10110111100000
10111011101101
11000000000000
11000100011010
11001000111001
11001101011110
11010010001000
11010110110111
11011011101001
11100000100000
11100101011001
11101010010101
11101111010011
11110100010010
11111001010011
11111110010101
00000011010110
00001000011000
00001101011000
00010010010111
00010111010101
00011100010000
00100001001000
00100101111101
00101010101110
00101111011011
00110100000100
00111000100111
00111101000101
01000001011100
01000101101110
01001001111000
01001101111011
01010001110110
01010101101001
01011001010100
01011100110110
01100000001111
01100011011110
01100110100100
01101001011111
01101100010000
01101110110110
01110001010010
01110011100010
01110101100110
01110111100000
01111001001101
01111010101110
01111100000100
01111101001101
01111110001001
01111110111010
01111111011101
01111111110100
01111111111111
01111111111101
01111111101110
01111111010011
01111110101011
01111101110111
01111100110110
01111011101001
01111010001111
01111000101010
01110110111001
01110100111011
01110010110011
01110000011111
01101110000000
01101011010110
01101000100010
01100101100011
01100010011010
01011111001000
01011011101100
01011000000111
01010100011001
01010000100011
01001100100101
01001000100000
01000100010011
01000000000000
00111011100110
00110111000111
00110010100010
00101101111000
00101001001001
00100100010111
00011111100000
00011010100111
00010101101011
00010000101101
00001011101110
00000110101101
00000001101011
11111100101010
11110111101000
11110010101000
11101101101001
11101000101011
11100011110000
11011110111000
11011010000011
11010101010010
11010000100101
11001011111100
11000111011001
11000010111011
10111110100100
10111010010010
10110110001000
10110010000101
10101110001010
10101010010111
10100110101100
10100011001010
10011111110001
10011100100010
10011001011100
10010110100001
10010011110000
10010001001010
10001110101110
10001100011110
10001010011010
10001000100000
10000110110011
10000101010010
10000011111100
10000010110011
10000001110111
10000001000110
10000000100011
10000000001100
10000000000001
10000000000011
10000000010010
10000000101101
10000001010101
10000010001001
10000011001010
10000100010111
10000101110001
10000111010110
10001001000111
10001011000101
10001101001101
10001111100001
10010010000000
10010100101010
10010111011110
10011010011101
10011101100110
10100000111000
10100100010100
10100111111001
10101011100111
10101111011101
10110011011011
10110111100000
10111011101101
11000000000000
11000100011010
11001000111001
11001101011110
11010010001000
11010110110111
11011011101001
11100000100000
11100101011001
11101010010101
11101111010011
11110100010010
11111001010011
11111110010101
00000011010110
00001000011000
00001101011000
00010010010111
00010111010101
00011100010000
00100001001000
00100101111101
00101010101110
00101111011011
00110100000100
00111000100111
00111101000101
01000001011100
01000101101110
01001001111000
01001101111011
01010001110110
01010101101001
01011001010100
01011100110110
01100000001111
01100011011110
01100110100100
01101001011111
01101100010000
01101110110110
01110001010010
01110011100010
01110101100110
01110111100000
01111001001101
01111010101110
01111100000100
01111101001101
01111110001001
01111110111010
01111111011101
01111111110100
01111111111111
01111111111101
01111111101110
01111111010011
01111110101011
01111101110111
01111100110110
01111011101001
01111010001111
01111000101010
01110110111001
01110100111011
01110010110011
01110000011111
01101110000000
01101011010110
01101000100010
01100101100011
01100010011010
01011111001000
01011011101100
01011000000111
01010100011001
01010000100011
01001100100101
01001000100000
01000100010011
01000000000000
00111011100110
00110111000111
00110010100010
00101101111000
00101001001001
00100100010111
00011111100000
00011010100111
00010101101011
00010000101101
00001011101110
00000110101101
00000001101011
11111100101010
11110111101000
11110010101000
11101101101001
11101000101011
11100011110000
11011110111000
11011010000011
11010101010010
11010000100101
11001011111100
11000111011001
11000010111011
10111110100100
10111010010010
10110110001000
10110010000101
10101110001010
10101010010111
10100110101100
10100011001010
10011111110001
10011100100010
10011001011100
10010110100001
10010011110000
10010001001010
10001110101110
10001100011110
10001010011010
10001000100000
10000110110011
10000101010010
10000011111100
10000010110011
10000001110111
10000001000110
10000000100011
10000000001100
10000000000001
10000000000011
10000000010010
10000000101101
10000001010101
10000010001001
10000011001010
10000100010111
10000101110001
10000111010110
10001001000111
10001011000101
10001101001101
10001111100001
10010010000000
10010100101010
10010111011110
10011010011101
10011101100110
10100000111000
10100100010100
10100111111001
10101011100111
10101111011101
10110011011011
10110111100000
10111011101101
11000000000000
11000100011010
11001000111001
11001101011110
11010010001000
11010110110111
11011011101001
11100000100000
11100101011001
11101010010101
11101111010011
11110100010010
11111001010011
11111110010101
00000011010110
00001000011000
00001101011000
00010010010111
00010111010101
00011100010000
00100001001000
00100101111101
00101010101110
00101111011011
00110100000100
00111000100111
00111101000101
01000001011100
01000101101110
01001001111000
01001101111011
01010001110110
01010101101001
01011001010100
01011100110110
01100000001111
01100011011110
01100110100100
01101001011111
01101100010000
01101110110110
01110001010010
01110011100010
01110101100110
01110111100000
01111001001101
01111010101110
01111100000100
01111101001101
01111110001001
01111110111010
01111111011101
01111111110100
01111111111111
01111111111101
01111111101110
01111111010011
01111110101011
01111101110111
01111100110110
01111011101001
01111010001111
01111000101010
01110110111001
01110100111011
01110010110011
01110000011111
01101110000000
01101011010110
01101000100010
01100101100011
01100010011010
01011111001000
01011011101100
01011000000111
01010100011001
01010000100011
01001100100101
01001000100000
01000100010011
01000000000000
00111011100110
00110111000111
00110010100010
00101101111000
00101001001001
00100100010111
00011111100000
00011010100111
00010101101011
00010000101101
00001011101110
00000110101101
00000001101011
11111100101010
11110111101000
11110010101000
11101101101001
11101000101011
11100011110000
11011110111000
11011010000011
11010101010010
11010000100101
11001011111100
11000111011001
11000010111011
10111110100100
10111010010010
10110110001000
10110010000101
10101110001010
10101010010111
10100110101100
10100011001010
10011111110001
10011100100010
10011001011100
10010110100001
10010011110000
10010001001010
10001110101110
10001100011110
10001010011010
10001000100000
10000110110011
10000101010010
10000011111100
10000010110011
10000001110111
10000001000110
10000000100011
10000000001100
10000000000001
10000000000011
10000000010010
10000000101101
10000001010101
10000010001001
10000011001010
10000100010111
10000101110001
10000111010110
10001001000111
10001011000101
10001101001101
10001111100001
10010010000000
10010100101010
10010111011110
10011010011101
10011101100110
10100000111000
10100100010100
10100111111001
10101011100111
10101111011101
10110011011011
10110111100000
10111011101101
11000000000000
11000100011010
11001000111001
11001101011110
11010010001000
11010110110111
11011011101001
11100000100000
11100101011001
11101010010101
11101111010011
11110100010010
11111001010011
11111110010101
00000011010110
00001000011000
00001101011000
00010010010111
00010111010101
00011100010000
00100001001000
00100101111101
00101010101110
00101111011011
00110100000100
00111000100111
00111101000101
01000001011100
01000101101110
01001001111000
01001101111011
01010001110110
01010101101001
01011001010100
01011100110110
01100000001111
01100011011110
01100110100100
01101001011111
01101100010000
01101110110110
01110001010010
01110011100010
01110101100110
01110111100000
01111001001101
01111010101110
01111100000100
01111101001101
01111110001001
01111110111010
01111111011101
01111111110100
01111111111111
01111111111101
01111111101110
01111111010011
01111110101011
01111101110111
01111100110110
01111011101001
01111010001111
01111000101010
01110110111001
01110100111011
01110010110011
01110000011111
01101110000000
01101011010110
01101000100010
01100101100011
01100010011010
01011111001000
01011011101100
01011000000111
01010100011001
01010000100011
01001100100101
01001000100000
01000100010011
01000000000000
00111011100110
00110111000111
00110010100010
00101101111000
00101001001001
00100100010111
00011111100000
00011010100111
00010101101011
00010000101101
00001011101110
00000110101101
00000001101011
11111100101010
11110111101000
11110010101000
11101101101001
11101000101011
11100011110000
11011110111000
11011010000011
11010101010010
11010000100101
11001011111100
11000111011001
11000010111011
10111110100100
10111010010010
10110110001000
10110010000101
10101110001010
10101010010111
10100110101100
10100011001010
10011111110001
10011100100010
10011001011100
10010110100001
10010011110000
10010001001010
10001110101110
10001100011110
10001010011010
10001000100000
10000110110011
10000101010010
10000011111100
10000010110011
10000001110111
10000001000110
10000000100011
10000000001100
10000000000001
10000000000011
10000000010010
10000000101101
10000001010101
10000010001001
10000011001010
10000100010111
10000101110001
10000111010110
10001001000111
10001011000101
10001101001101
10001111100001
10010010000000
10010100101010
10010111011110
10011010011101
10011101100110
10100000111000
10100100010100
10100111111001
10101011100111
10101111011101
10110011011011
10110111100000
10111011101101
11000000000000
11000100011010
11001000111001
11001101011110
11010010001000
11010110110111
11011011101001
11100000100000
11100101011001
11101010010101
11101111010011
11110100010010
11111001010011
11111110010101
00000011010110
00001000011000
00001101011000
00010010010111
00010111010101
00011100010000
00100001001000
00100101111101
00101010101110
00101111011011
00110100000100
00111000100111
00111101000101
01000001011100
01000101101110
01001001111000
01001101111011
01010001110110
01010101101001
01011001010100
01011100110110
01100000001111
01100011011110
01100110100100
01101001011111
01101100010000
01101110110110
01110001010010
01110011100010
01110101100110
01110111100000
01111001001101
01111010101110
01111100000100
01111101001101
01111110001001
01111110111010
01111111011101
01111111110100
01111111111111
01111111111101
01111111101110
01111111010011
01111110101011
01111101110111
01111100110110
01111011101001
01111010001111
01111000101010
01110110111001
01110100111011
01110010110011
01110000011111
01101110000000
01101011010110
01101000100010
01100101100011
01100010011010
01011111001000
01011011101100
01011000000111
01010100011001
01010000100011
01001100100101
01001000100000
01000100010011
01000000000000
00111011100110
00110111000111
00110010100010
00101101111000
00101001001001
00100100010111
00011111100000
00011010100111
00010101101011
00010000101101
00001011101110
00000110101101
00000001101011
11111100101010
11110111101000
11110010101000
11101101101001
11101000101011
11100011110000
11011110111000
11011010000011
11010101010010
11010000100101
11001011111100
11000111011001
11000010111011
10111110100100
10111010010010
10110110001000
10110010000101
10101110001010
10101010010111
10100110101100
10100011001010
10011111110001
10011100100010
10011001011100
10010110100001
10010011110000
10010001001010
10001110101110
10001100011110
10001010011010
10001000100000
10000110110011
10000101010010
10000011111100
10000010110011
10000001110111
10000001000110
10000000100011
10000000001100
10000000000001
10000000000011
10000000010010
10000000101101
10000001010101
10000010001001
10000011001010
10000100010111
10000101110001
10000111010110
10001001000111
10001011000101
10001101001101
10001111100001
10010010000000
10010100101010
10010111011110
10011010011101
10011101100110
10100000111000
10100100010100
10100111111001
10101011100111
10101111011101
10110011011011
10110111100000
10111011101101
11000000000000
11000100011010
11001000111001
11001101011110
11010010001000
11010110110111
11011011101001
11100000100000
11100101011001
11101010010101
11101111010011
11110100010010
11111001010011
11111110010101
00000011010110
00001000011000
00001101011000
00010010010111
00010111010101
00011100010000
00100001001000
00100101111101
00101010101110
00101111011011
00110100000100
00111000100111
00111101000101
01000001011100
01000101101110
01001001111000
01001101111011
01010001110110
01010101101001
01011001010100
01011100110110
01100000001111
01100011011110
01100110100100
01101001011111
01101100010000
01101110110110
01110001010010
01110011100010
01110101100110
01110111100000
01111001001101
01111010101110
01111100000100
01111101001101
01111110001001
01111110111010
01111111011101
01111111110100
01111111111111
01111111111101
01111111101110
01111111010011
01111110101011
01111101110111
01111100110110
01111011101001
01111010001111
01111000101010
01110110111001
01110100111011
01110010110011
01110000011111
01101110000000
01101011010110
01101000100010
01100101100011
01100010011010
01011111001000
01011011101100
01011000000111
01010100011001
01010000100011
01001100100101
01001000100000
01000100010011
