10010001000001
10001000010111
10000010101001
10000000000001
10000000100011
10000100001101
10001010111011
10010100100001
10100000110001
10101111010110
10111111111011
11010010000101
11100101010111
11111001010011
00001101011001
00100001001011
00110100001000
01000101110011
01010101110000
01100011100110
01101110111111
01110111101001
01111101010111
01111111111111
01111111011101
01111011110011
01110101000101
01101011011111
01011111001111
01010000101010
01000000000101
00101101111011
00011010101001
00000110101101
11110010100111
11011110110101
11001011111000
10111010001101
10101010010000
10011100011010
10010001000001
10001000010111
10000010101001
10000000000001
10000000100011
10000100001101
10001010111011
10010100100001
10100000110001
10101111010110
10111111111011
11010010000101
11100101010111
11111001010011
00001101011001
00100001001011
00110100001000
01000101110011
01010101110000
01100011100110
01101110111111
01110111101001
01111101010111
01111111111111
01111111011101
01111011110011
01110101000101
01101011011111
01011111001111
01010000101010
01000000000101
00101101111011
00011010101001
00000110101101
11110010100111
11011110110101
11001011111000
10111010001101
10101010010000
10011100011010
10010001000001
10001000010111
10000010101001
10000000000001
10000000100011
10000100001101
10001010111011
10010100100001
10100000110001
10101111010110
10111111111011
11010010000101
11100101010111
11111001010011
00001101011001
00100001001011
00110100001000
01000101110011
01010101110000
01100011100110
01101110111111
01110111101001
01111101010111
01111111111111
01111111011101
01111011110011
01110101000101
01101011011111
01011111001111
01010000101010
01000000000101
00101101111011
00011010101001
00000110101101
11110010100111
11011110110101
11001011111000
10111010001101
10101010010000
10011100011010
10010001000001
10001000010111
10000010101001
10000000000001
10000000100011
10000100001101
10001010111011
10010100100001
10100000110001
10101111010110
10111111111011
11010010000101
11100101010111
11111001010011
00001101011001
00100001001011
00110100001000
01000101110011
01010101110000
01100011100110
01101110111111
01110111101001
01111101010111
01111111111111
01111111011101
01111011110011
01110101000101
01101011011111
01011111001111
01010000101010
01000000000101
00101101111011
00011010101001
00000110101101
11110010100111
11011110110101
11001011111000
10111010001101
10101010010000
10011100011010
10010001000001
10001000010111
10000010101001
10000000000001
10000000100011
10000100001101
10001010111011
10010100100001
10100000110001
10101111010110
10111111111011
11010010000101
11100101010111
11111001010011
00001101011001
00100001001011
00110100001000
01000101110011
01010101110000
01100011100110
01101110111111
01110111101001
01111101010111
01111111111111
01111111011101
01111011110011
01110101000101
01101011011111
01011111001111
01010000101010
01000000000101
00101101111011
00011010101001
00000110101101
11110010100111
11011110110101
11001011111000
10111010001101
10101010010000
10011100011010
10010001000001
10001000010111
10000010101001
10000000000001
10000000100011
10000100001101
10001010111011
10010100100001
10100000110001
10101111010110
10111111111011
11010010000101
11100101010111
11111001010011
00001101011001
00100001001011
00110100001000
01000101110011
01010101110000
01100011100110
01101110111111
01110111101001
01111101010111
01111111111111
01111111011101
01111011110011
01110101000101
01101011011111
01011111001111
01010000101010
01000000000101
00101101111011
00011010101001
00000110101101
11110010100111
11011110110101
11001011111000
10111010001101
10101010010000
10011100011010
10010001000001
10001000010111
10000010101001
10000000000001
10000000100011
10000100001101
10001010111011
10010100100001
10100000110001
10101111010110
10111111111011
11010010000101
11100101010111
11111001010011
00001101011001
00100001001011
00110100001000
01000101110011
01010101110000
01100011100110
01101110111111
01110111101001
01111101010111
01111111111111
01111111011101
01111011110011
01110101000101
01101011011111
01011111001111
01010000101010
01000000000101
00101101111011
00011010101001
00000110101101
11110010100111
11011110110101
11001011111000
10111010001101
10101010010000
10011100011010
10010001000001
10001000010111
10000010101001
10000000000001
10000000100011
10000100001101
10001010111011
10010100100001
10100000110001
10101111010110
10111111111011
11010010000101
11100101010111
11111001010011
00001101011001
00100001001011
00110100001000
01000101110011
01010101110000
01100011100110
01101110111111
01110111101001
01111101010111
01111111111111
01111111011101
01111011110011
01110101000101
01101011011111
01011111001111
01010000101010
01000000000101
00101101111011
00011010101001
00000110101101
11110010100111
11011110110101
11001011111000
10111010001101
10101010010000
10011100011010
10010001000001
10001000010111
10000010101001
10000000000001
10000000100011
10000100001101
10001010111011
10010100100001
10100000110001
10101111010110
10111111111011
11010010000101
11100101010111
11111001010011
00001101011001
00100001001011
00110100001000
01000101110011
01010101110000
01100011100110
01101110111111
01110111101001
01111101010111
01111111111111
01111111011101
01111011110011
01110101000101
01101011011111
01011111001111
01010000101010
01000000000101
00101101111011
00011010101001
00000110101101
11110010100111
11011110110101
11001011111000
10111010001101
10101010010000
10011100011010
10010001000001
10001000010111
10000010101001
10000000000001
10000000100011
10000100001101
10001010111011
10010100100001
10100000110001
10101111010110
10111111111011
11010010000101
11100101010111
11111001010011
00001101011001
00100001001011
00110100001000
01000101110011
01010101110000
01100011100110
01101110111111
01110111101001
01111101010111
01111111111111
01111111011101
01111011110011
01110101000101
01101011011111
01011111001111
01010000101010
01000000000101
00101101111011
00011010101001
00000110101101
11110010100111
11011110110101
11001011111000
10111010001101
10101010010000
10011100011010
10010001000001
10001000010111
10000010101001
10000000000001
10000000100011
10000100001101
10001010111011
10010100100001
10100000110001
10101111010110
10111111111011
11010010000101
11100101010111
11111001010011
00001101011001
00100001001011
00110100001000
01000101110011
01010101110000
01100011100110
01101110111111
01110111101001
01111101010111
01111111111111
01111111011101
01111011110011
01110101000101
01101011011111
01011111001111
01010000101010
01000000000101
00101101111011
00011010101001
00000110101101
11110010100111
11011110110101
11001011111000
10111010001101
10101010010000
10011100011010
10010001000001
10001000010111
10000010101001
10000000000001
10000000100011
10000100001101
10001010111011
10010100100001
10100000110001
10101111010110
10111111111011
11010010000101
11100101010111
11111001010011
00001101011001
00100001001011
00110100001000
01000101110011
01010101110000
01100011100110
01101110111111
01110111101001
01111101010111
01111111111111
01111111011101
01111011110011
01110101000101
01101011011111
01011111001111
01010000101010
01000000000101
00101101111011
00011010101001
00000110101101
11110010100111
11011110110101
11001011111000
10111010001101
10101010010000
10011100011010
10010001000001
10001000010111
10000010101001
10000000000001
10000000100011
10000100001101
10001010111011
10010100100001
10100000110001
10101111010110
10111111111011
11010010000101
11100101010111
11111001010011
00001101011001
00100001001011
00110100001000
01000101110011
01010101110000
01100011100110
01101110111111
01110111101001
01111101010111
01111111111111
01111111011101
01111011110011
01110101000101
01101011011111
01011111001111
01010000101010
01000000000101
00101101111011
00011010101001
00000110101101
11110010100111
11011110110101
11001011111000
10111010001101
10101010010000
10011100011010
10010001000001
10001000010111
10000010101001
10000000000001
10000000100011
10000100001101
10001010111011
10010100100001
10100000110001
10101111010110
10111111111011
11010010000101
11100101010111
11111001010011
00001101011001
00100001001011
00110100001000
01000101110011
01010101110000
01100011100110
01101110111111
01110111101001
01111101010111
01111111111111
01111111011101
01111011110011
01110101000101
01101011011111
01011111001111
01010000101010
01000000000101
00101101111011
00011010101001
00000110101101
11110010100111
11011110110101
11001011111000
10111010001101
10101010010000
10011100011010
10010001000001
10001000010111
10000010101001
10000000000001
10000000100011
10000100001101
10001010111011
10010100100001
10100000110001
10101111010110
10111111111011
11010010000101
11100101010111
11111001010011
00001101011001
00100001001011
00110100001000
01000101110011
01010101110000
01100011100110
01101110111111
01110111101001
01111101010111
01111111111111
01111111011101
01111011110011
01110101000101
01101011011111
01011111001111
01010000101010
01000000000101
00101101111011
00011010101001
00000110101101
11110010100111
11011110110101
11001011111000
10111010001101
10101010010000
10011100011010
10010001000001
10001000010111
10000010101001
10000000000001
10000000100011
10000100001101
10001010111011
10010100100001
10100000110001
10101111010110
10111111111011
11010010000101
11100101010111
11111001010011
00001101011001
00100001001011
00110100001000
01000101110011
01010101110000
01100011100110
01101110111111
01110111101001
01111101010111
01111111111111
01111111011101
01111011110011
01110101000101
01101011011111
01011111001111
01010000101010
01000000000101
00101101111011
00011010101001
00000110101101
11110010100111
11011110110101
11001011111000
10111010001101
10101010010000
10011100011010
10010001000001
10001000010111
10000010101001
10000000000001
10000000100011
10000100001101
10001010111011
10010100100001
10100000110001
10101111010110
10111111111011
11010010000101
11100101010111
11111001010011
00001101011001
00100001001011
00110100001000
01000101110011
01010101110000
01100011100110
01101110111111
01110111101001
01111101010111
01111111111111
01111111011101
01111011110011
01110101000101
01101011011111
01011111001111
01010000101010
01000000000101
00101101111011
00011010101001
00000110101101
11110010100111
11011110110101
11001011111000
10111010001101
10101010010000
10011100011010
10010001000001
10001000010111
10000010101001
10000000000001
10000000100011
10000100001101
10001010111011
10010100100001
10100000110001
10101111010110
10111111111011
11010010000101
11100101010111
11111001010011
00001101011001
00100001001011
00110100001000
01000101110011
01010101110000
01100011100110
01101110111111
01110111101001
01111101010111
01111111111111
01111111011101
01111011110011
01110101000101
01101011011111
01011111001111
01010000101010
01000000000101
00101101111011
00011010101001
00000110101101
11110010100111
11011110110101
11001011111000
10111010001101
10101010010000
10011100011010
10010001000001
10001000010111
10000010101001
10000000000001
10000000100011
10000100001101
10001010111011
10010100100001
10100000110001
10101111010110
10111111111011
11010010000101
11100101010111
11111001010011
00001101011001
00100001001011
00110100001000
01000101110011
01010101110000
01100011100110
01101110111111
01110111101001
01111101010111
01111111111111
01111111011101
01111011110011
01110101000101
01101011011111
01011111001111
01010000101010
01000000000101
00101101111011
00011010101001
00000110101101
11110010100111
11011110110101
11001011111000
10111010001101
10101010010000
10011100011010
10010001000001
10001000010111
10000010101001
10000000000001
10000000100011
10000100001101
10001010111011
10010100100001
10100000110001
10101111010110
10111111111011
11010010000101
11100101010111
11111001010011
00001101011001
00100001001011
00110100001000
01000101110011
01010101110000
01100011100110
01101110111111
01110111101001
01111101010111
01111111111111
01111111011101
01111011110011
01110101000101
01101011011111
01011111001111
01010000101010
01000000000101
00101101111011
00011010101001
00000110101101
11110010100111
11011110110101
11001011111000
10111010001101
10101010010000
10011100011010
10010001000001
10001000010111
10000010101001
10000000000001
10000000100011
10000100001101
10001010111011
10010100100001
10100000110001
10101111010110
10111111111011
11010010000101
11100101010111
11111001010011
00001101011001
00100001001011
00110100001000
01000101110011
01010101110000
01100011100110
01101110111111
01110111101001
01111101010111
01111111111111
01111111011101
01111011110011
01110101000101
01101011011111
01011111001111
01010000101010
01000000000101
00101101111011
00011010101001
00000110101101
11110010100111
11011110110101
11001011111000
10111010001101
10101010010000
10011100011010
10010001000001
10001000010111
10000010101001
10000000000001
10000000100011
10000100001101
10001010111011
10010100100001
10100000110001
10101111010110
10111111111011
11010010000101
11100101010111
11111001010011
00001101011001
00100001001011
00110100001000
01000101110011
01010101110000
01100011100110
01101110111111
01110111101001
01111101010111
01111111111111
01111111011101
01111011110011
01110101000101
01101011011111
01011111001111
01010000101010
01000000000101
00101101111011
00011010101001
00000110101101
11110010100111
11011110110101
11001011111000
10111010001101
10101010010000
10011100011010
10010001000001
10001000010111
10000010101001
10000000000001
10000000100011
10000100001101
10001010111011
10010100100001
10100000110001
10101111010110
10111111111011
11010010000101
11100101010111
11111001010011
00001101011001
00100001001011
00110100001000
01000101110011
01010101110000
01100011100110
01101110111111
01110111101001
01111101010111
01111111111111
01111111011101
01111011110011
01110101000101
01101011011111
01011111001111
01010000101010
01000000000101
00101101111011
00011010101001
00000110101101
11110010100111
11011110110101
11001011111000
10111010001101
10101010010000
10011100011010
10010001000001
10001000010111
10000010101001
10000000000001
10000000100011
10000100001101
10001010111011
10010100100001
10100000110001
10101111010110
10111111111011
11010010000101
11100101010111
11111001010011
00001101011001
00100001001011
00110100001000
01000101110011
01010101110000
01100011100110
01101110111111
01110111101001
01111101010111
01111111111111
01111111011101
01111011110011
01110101000101
01101011011111
01011111001111
01010000101010
01000000000101
00101101111011
00011010101001
00000110101101
11110010100111
11011110110101
11001011111000
10111010001101
10101010010000
10011100011010
10010001000001
10001000010111
10000010101001
10000000000001
10000000100011
10000100001101
10001010111011
10010100100001
10100000110001
10101111010110
10111111111011
11010010000101
11100101010111
11111001010011
00001101011001
00100001001011
00110100001000
01000101110011
01010101110000
01100011100110
01101110111111
01110111101001
01111101010111
01111111111111
01111111011101
01111011110011
01110101000101
01101011011111
01011111001111
01010000101010
01000000000101
00101101111011
00011010101001
00000110101101
11110010100111
11011110110101
11001011111000
10111010001101
10101010010000
10011100011010
10010001000001
10001000010111
10000010101001
10000000000001
10000000100011
10000100001101
10001010111011
10010100100001
10100000110001
10101111010110
10111111111011
11010010000101
11100101010111
11111001010011
00001101011001
00100001001011
00110100001000
01000101110011
01010101110000
01100011100110
01101110111111
01110111101001
01111101010111
01111111111111
01111111011101
01111011110011
01110101000101
01101011011111
01011111001111
01010000101010
01000000000101
00101101111011
00011010101001
00000110101101
11110010100111
11011110110101
11001011111000
10111010001101
10101010010000
10011100011010
10010001000001
10001000010111
10000010101001
10000000000001
10000000100011
10000100001101
10001010111011
10010100100001
10100000110001
10101111010110
10111111111011
11010010000101
11100101010111
11111001010011
00001101011001
00100001001011
00110100001000
01000101110011
01010101110000
01100011100110
01101110111111
01110111101001
01111101010111
01111111111111
01111111011101
01111011110011
01110101000101
01101011011111
01011111001111
01010000101010
01000000000101
00101101111011
00011010101001
00000110101101
11110010100111
11011110110101
11001011111000
10111010001101
10101010010000
10011100011010
10010001000001
10001000010111
10000010101001
10000000000001
10000000100011
10000100001101
10001010111011
10010100100001
10100000110001
10101111010110
10111111111011
11010010000101
11100101010111
11111001010011
00001101011001
00100001001011
00110100001000
01000101110011
01010101110000
01100011100110
01101110111111
01110111101001
01111101010111
01111111111111
01111111011101
01111011110011
01110101000101
01101011011111
01011111001111
01010000101010
01000000000101
00101101111011
00011010101001
00000110101101
11110010100111
11011110110101
11001011111000
10111010001101
10101010010000
10011100011010
10010001000001
10001000010111
10000010101001
10000000000001
10000000100011
10000100001101
10001010111011
10010100100001
10100000110001
10101111010110
10111111111011
11010010000101
11100101010111
11111001010011
00001101011001
00100001001011
00110100001000
01000101110011
01010101110000
01100011100110
01101110111111
01110111101001
01111101010111
01111111111111
01111111011101
01111011110011
01110101000101
01101011011111
01011111001111
01010000101010
01000000000101
00101101111011
00011010101001
00000110101101
11110010100111
11011110110101
11001011111000
10111010001101
10101010010000
10011100011010
10010001000001
10001000010111
10000010101001
10000000000001
10000000100011
10000100001101
10001010111011
10010100100001
10100000110001
10101111010110
10111111111011
11010010000101
11100101010111
11111001010011
00001101011001
00100001001011
00110100001000
01000101110011
01010101110000
01100011100110
01101110111111
01110111101001
01111101010111
01111111111111
01111111011101
01111011110011
01110101000101
01101011011111
01011111001111
01010000101010
01000000000101
00101101111011
00011010101001
00000110101101
11110010100111
11011110110101
11001011111000
10111010001101
10101010010000
10011100011010
10010001000001
10001000010111
10000010101001
10000000000001
10000000100011
10000100001101
10001010111011
10010100100001
10100000110001
10101111010110
10111111111011
11010010000101
11100101010111
11111001010011
00001101011001
00100001001011
00110100001000
01000101110011
01010101110000
01100011100110
01101110111111
01110111101001
01111101010111
01111111111111
01111111011101
01111011110011
01110101000101
01101011011111
01011111001111
01010000101010
01000000000101
00101101111011
00011010101001
00000110101101
11110010100111
11011110110101
11001011111000
10111010001101
10101010010000
10011100011010
10010001000001
10001000010111
10000010101001
10000000000001
10000000100011
10000100001101
10001010111011
10010100100001
10100000110001
10101111010110
10111111111011
11010010000101
11100101010111
11111001010011
00001101011001
00100001001011
00110100001000
01000101110011
01010101110000
01100011100110
01101110111111
01110111101001
01111101010111
01111111111111
01111111011101
01111011110011
01110101000101
01101011011111
01011111001111
01010000101010
01000000000101
00101101111011
00011010101001
00000110101101
11110010100111
11011110110101
11001011111000
10111010001101
10101010010000
10011100011010
10010001000001
10001000010111
10000010101001
10000000000001
10000000100011
10000100001101
10001010111011
10010100100001
10100000110001
10101111010110
10111111111011
11010010000101
11100101010111
11111001010011
00001101011001
00100001001011
00110100001000
01000101110011
01010101110000
01100011100110
01101110111111
01110111101001
01111101010111
01111111111111
01111111011101
01111011110011
01110101000101
01101011011111
01011111001111
01010000101010
01000000000101
00101101111011
00011010101001
00000110101101
11110010100111
11011110110101
11001011111000
10111010001101
10101010010000
10011100011010
10010001000001
10001000010111
10000010101001
10000000000001
10000000100011
10000100001101
10001010111011
10010100100001
10100000110001
10101111010110
10111111111011
11010010000101
11100101010111
11111001010011
00001101011001
00100001001011
00110100001000
01000101110011
01010101110000
01100011100110
01101110111111
01110111101001
01111101010111
01111111111111
01111111011101
01111011110011
01110101000101
01101011011111
01011111001111
01010000101010
01000000000101
00101101111011
00011010101001
00000110101101
11110010100111
11011110110101
11001011111000
10111010001101
10101010010000
10011100011010
10010001000001
10001000010111
10000010101001
10000000000001
10000000100011
10000100001101
10001010111011
10010100100001
10100000110001
10101111010110
10111111111011
11010010000101
11100101010111
11111001010011
00001101011001
00100001001011
00110100001000
01000101110011
01010101110000
01100011100110
01101110111111
01110111101001
01111101010111
01111111111111
01111111011101
01111011110011
01110101000101
01101011011111
01011111001111
01010000101010
01000000000101
00101101111011
00011010101001
00000110101101
11110010100111
11011110110101
11001011111000
10111010001101
10101010010000
10011100011010
10010001000001
10001000010111
10000010101001
10000000000001
10000000100011
10000100001101
10001010111011
10010100100001
10100000110001
10101111010110
10111111111011
11010010000101
11100101010111
11111001010011
00001101011001
00100001001011
00110100001000
01000101110011
01010101110000
01100011100110
01101110111111
01110111101001
01111101010111
01111111111111
01111111011101
01111011110011
01110101000101
01101011011111
01011111001111
01010000101010
01000000000101
00101101111011
00011010101001
00000110101101
11110010100111
11011110110101
11001011111000
10111010001101
10101010010000
10011100011010
10010001000001
10001000010111
10000010101001
10000000000001
10000000100011
10000100001101
10001010111011
10010100100001
10100000110001
10101111010110
10111111111011
11010010000101
11100101010111
11111001010011
00001101011001
00100001001011
00110100001000
01000101110011
01010101110000
01100011100110
01101110111111
01110111101001
01111101010111
01111111111111
01111111011101
01111011110011
01110101000101
01101011011111
01011111001111
01010000101010
01000000000101
00101101111011
00011010101001
00000110101101
11110010100111
11011110110101
11001011111000
10111010001101
10101010010000
10011100011010
10010001000001
10001000010111
10000010101001
10000000000001
10000000100011
10000100001101
10001010111011
10010100100001
10100000110001
10101111010110
10111111111011
11010010000101
11100101010111
11111001010011
00001101011001
00100001001011
00110100001000
01000101110011
01010101110000
01100011100110
01101110111111
01110111101001
01111101010111
01111111111111
01111111011101
01111011110011
01110101000101
01101011011111
01011111001111
01010000101010
01000000000101
00101101111011
00011010101001
00000110101101
11110010100111
11011110110101
11001011111000
10111010001101
10101010010000
10011100011010
10010001000001
10001000010111
10000010101001
10000000000001
10000000100011
10000100001101
10001010111011
10010100100001
10100000110001
10101111010110
10111111111011
11010010000101
11100101010111
11111001010011
00001101011001
00100001001011
00110100001000
01000101110011
01010101110000
01100011100110
01101110111111
01110111101001
01111101010111
01111111111111
01111111011101
01111011110011
01110101000101
01101011011111
01011111001111
01010000101010
01000000000101
00101101111011
00011010101001
00000110101101
11110010100111
11011110110101
11001011111000
10111010001101
10101010010000
10011100011010
10010001000001
10001000010111
10000010101001
10000000000001
10000000100011
10000100001101
10001010111011
10010100100001
10100000110001
10101111010110
10111111111011
11010010000101
11100101010111
11111001010011
00001101011001
00100001001011
00110100001000
01000101110011
01010101110000
01100011100110
01101110111111
01110111101001
01111101010111
01111111111111
01111111011101
01111011110011
01110101000101
01101011011111
01011111001111
01010000101010
01000000000101
00101101111011
00011010101001
00000110101101
11110010100111
11011110110101
11001011111000
10111010001101
10101010010000
10011100011010
