10010001001010
10010100010011
10010111101011
10011011010010
10011111000111
10100011001010
10100111011011
10101011110111
10110000100000
10110101010100
10111010010011
10111111011011
11000100101101
11001010000111
11001111101001
11010101010010
11011011000001
11100000110101
11100110101101
11101100101001
11110010101000
11111000101000
11111110101010
00000100101100
00001010101101
00010000101101
00010110101011
00011100100101
00100010011011
00101000001100
00101101110111
00110011011100
00111000111010
00111110010000
01000011011100
01001000011111
01001101011000
01010010000110
01010110101000
01011010111110
01011111000111
01100011000011
01100110110000
01101010001111
01101101011110
01110000011110
01110011001111
01110101101110
01110111111101
01111001111011
01111011101000
01111101000011
01111110001100
01111111000100
01111111101001
01111111111100
01111111111101
01111111101100
01111111001001
01111110010011
01111101001100
01111011110011
01111010001000
01111000001100
01110101111111
01110011100001
01110000110011
01101101110101
01101010100111
01100111001001
01100011011110
01011111100100
01011011011100
01010111001000
01010010100111
01001101111010
01001001000011
01000100000001
00111110110101
00111001100000
00110100000100
00101110011111
00101000110101
00100011000100
00011101001110
00010111010101
00010001011000
00001011011000
00000101010111
11111111010101
11111001010011
11110011010010
11101101010011
11100111010111
11100001011110
11011011101010
11010101111010
11010000010001
11001010101110
11000101010011
11000000000000
10111010110111
10110101110111
10110001000010
10101100011000
10100111111010
10100011101000
10011111100011
10011011101101
10011000000100
10010100101010
10010001100000
10001110100101
10001011111010
10001001100000
10000111010111
10000101011110
10000011111000
10000010100010
10000001011111
10000000101110
10000000001110
10000000000001
10000000000110
10000000011110
10000001000111
10000010000010
10000011010000
10000100101111
10000110011111
10001000100001
10001010110100
10001101010111
10010000001011
10010011001110
10010110100001
10011010000100
10011101110100
10100001110011
10100101111110
10101010010111
10101110111100
10110011101100
10111000100111
10111101101101
11000010111100
11001000010011
11001101110010
11010011011001
11011001000110
11011110111000
11100100101111
11101010101010
11110000101000
11110110101000
11111100101010
00000010101100
00001000101101
00001110101101
00010100101100
00011010100111
00100000011111
00100110010001
00101011111111
00110001100110
00110111000110
00111100011111
01000001101110
01000110110101
01001011110001
01010000100011
01010101001001
01011001100011
01011101110000
01100001110000
01100101100010
01101001000110
01101100011011
01101111100000
01110010010110
01110100111011
01110111010000
01111001010011
01111011000110
01111100100111
01111101110110
01111110110011
01111111011111
01111111111000
01111111111111
01111111110100
01111111010111
01111110100111
01111101100110
01111100010011
01111010101110
01111000110111
01110110110000
01110100011000
01110001101111
01101110110110
01101011101101
01101000010101
01100100101110
01100000111001
01011100110110
01011000100101
01010100001001
01001111100000
01001010101100
01000101101101
01000000100101
00111011010011
00110101111001
00110000010111
00101010101110
00100100111111
00011111001011
00011001010011
00010011010111
00001101011000
00000111011000
00000001010110
11111011010100
11110101010011
11101111010011
11101001010101
11100011011011
11011101100101
11010111110100
11010010001001
11001100100100
11000111000110
11000001110000
10111100100100
10110111100001
10110010101000
10101101111010
10101001011000
10100101000010
10100000111001
10011100111101
10011001010000
10010101110001
10010010100010
10001111100010
10001100110001
10001010010010
10001000000011
10000110000101
10000100011000
10000010111101
10000001110100
10000000111100
10000000010111
10000000000100
10000000000011
10000000010100
10000000110111
10000001101101
10000010110100
10000100001101
10000101111000
10000111110100
10001010000001
10001100011111
10001111001101
10010010001011
10010101011001
10011000110111
10011100100010
10100000011100
10100100100100
10101000111000
10101101011001
10110010000110
10110110111101
10111011111111
11000001001011
11000110100000
11001011111100
11010001100001
11010111001011
11011100111100
11100010110010
11101000101011
11101110101000
11110100101000
11111010101001
00000000101011
00000110101101
00001100101110
00010010101101
00011000101001
00011110100010
00100100010110
00101010000110
00101111101111
00110101010010
00111010101101
01000000000000
01000101001001
01001010001001
01001110111110
01010011101000
01011000000110
01011100011000
01100000011101
01100100010011
01100111111100
01101011010110
01101110100000
01110001011011
01110100000110
01110110100000
01111000101001
01111010100010
01111100001000
01111101011110
01111110100001
01111111010010
01111111110010
01111111111111
01111111111010
01111111100010
01111110111001
01111101111110
01111100110000
01111011010001
01111001100001
01110111011111
01110101001100
01110010101001
01101111110101
01101100110010
01101001011111
01100101111100
01100010001100
01011110001101
01011010000010
01010101101001
01010001000100
01001100010100
01000111011001
01000010010011
00111101000100
00110111101101
00110010001110
00101100100111
00100110111010
00100001001000
00011011010001
00010101010110
00001111011000
00001001011000
00000011010110
11111101010100
11110111010011
11110001010011
11101011010100
11100101011001
11011111100001
11011001101111
11010100000001
11001110011010
11001000111010
11000011100001
10111110010010
10111001001011
10110100001111
10101111011101
10101010110111
10100110011101
10100010010000
10011110010000
10011010011110
10010110111010
10010011100101
10010000100000
10001101101010
10001011000101
10001000110000
10000110101101
10000100111010
10000011011001
10000010001010
10000001001101
10000000100001
10000000001000
10000000000001
10000000001100
10000000101001
10000001011001
10000010011010
10000011101101
10000101010010
10000111001001
10001001010000
10001011101000
10001110010001
10010001001010
10010100010011
10010111101011
10011011010010
10011111000111
10100011001010
10100111011011
10101011110111
10110000100000
10110101010100
10111010010011
10111111011011
11000100101101
11001010000111
11001111101001
11010101010010
11011011000001
11100000110101
11100110101101
11101100101001
11110010101000
11111000101000
11111110101010
00000100101100
00001010101101
00010000101101
00010110101011
00011100100101
00100010011011
00101000001100
00101101110111
00110011011100
00111000111010
00111110010000
01000011011100
01001000011111
01001101011000
01010010000110
01010110101000
01011010111110
01011111000111
01100011000011
01100110110000
01101010001111
01101101011110
01110000011110
01110011001111
01110101101110
01110111111101
01111001111011
01111011101000
01111101000011
01111110001100
01111111000100
01111111101001
01111111111100
01111111111101
01111111101100
01111111001001
01111110010011
01111101001100
01111011110011
01111010001000
01111000001100
01110101111111
01110011100001
01110000110011
01101101110101
01101010100111
01100111001001
01100011011110
01011111100100
01011011011100
01010111001000
01010010100111
01001101111010
01001001000011
01000100000001
00111110110101
00111001100000
00110100000100
00101110011111
00101000110101
00100011000100
00011101001110
00010111010101
00010001011000
00001011011000
00000101010111
11111111010101
11111001010011
11110011010010
11101101010011
11100111010111
11100001011110
11011011101010
11010101111010
11010000010001
11001010101110
11000101010011
11000000000000
10111010110111
10110101110111
10110001000010
10101100011000
10100111111010
10100011101000
10011111100011
10011011101101
10011000000100
10010100101010
10010001100000
10001110100101
10001011111010
10001001100000
10000111010111
10000101011110
10000011111000
10000010100010
10000001011111
10000000101110
10000000001110
10000000000001
10000000000110
10000000011110
10000001000111
10000010000010
10000011010000
10000100101111
10000110011111
10001000100001
10001010110100
10001101010111
10010000001011
10010011001110
10010110100001
10011010000100
10011101110100
10100001110011
10100101111110
10101010010111
10101110111100
10110011101100
10111000100111
10111101101101
11000010111100
11001000010011
11001101110010
11010011011001
11011001000110
11011110111000
11100100101111
11101010101010
11110000101000
11110110101000
11111100101010
00000010101100
00001000101101
00001110101101
00010100101100
00011010100111
00100000011111
00100110010001
00101011111111
00110001100110
00110111000110
00111100011111
01000001101110
01000110110101
01001011110001
01010000100011
01010101001001
01011001100011
01011101110000
01100001110000
01100101100010
01101001000110
01101100011011
01101111100000
01110010010110
01110100111011
01110111010000
01111001010011
01111011000110
01111100100111
01111101110110
01111110110011
01111111011111
01111111111000
01111111111111
01111111110100
01111111010111
01111110100111
01111101100110
01111100010011
01111010101110
01111000110111
01110110110000
01110100011000
01110001101111
01101110110110
01101011101101
01101000010101
01100100101110
01100000111001
01011100110110
01011000100101
01010100001001
01001111100000
01001010101100
01000101101101
01000000100101
00111011010011
00110101111001
00110000010111
00101010101110
00100100111111
00011111001011
00011001010011
00010011010111
00001101011000
00000111011000
00000001010110
11111011010100
11110101010011
11101111010011
11101001010101
11100011011011
11011101100101
11010111110100
11010010001001
11001100100100
11000111000110
11000001110000
10111100100100
10110111100001
10110010101000
10101101111010
10101001011000
10100101000010
10100000111001
10011100111101
10011001010000
10010101110001
10010010100010
10001111100010
10001100110001
10001010010010
10001000000011
10000110000101
10000100011000
10000010111101
10000001110100
10000000111100
10000000010111
10000000000100
10000000000011
10000000010100
10000000110111
10000001101101
10000010110100
10000100001101
10000101111000
10000111110100
10001010000001
10001100011111
10001111001101
10010010001011
10010101011001
10011000110111
10011100100010
10100000011100
10100100100100
10101000111000
10101101011001
10110010000110
10110110111101
10111011111111
11000001001011
11000110100000
11001011111100
11010001100001
11010111001011
11011100111100
11100010110010
11101000101011
11101110101000
11110100101000
11111010101001
00000000101011
00000110101101
00001100101110
00010010101101
00011000101001
00011110100010
00100100010110
00101010000110
00101111101111
00110101010010
00111010101101
01000000000000
01000101001001
01001010001001
01001110111110
01010011101000
01011000000110
01011100011000
01100000011101
01100100010011
01100111111100
01101011010110
01101110100000
01110001011011
01110100000110
01110110100000
01111000101001
01111010100010
01111100001000
01111101011110
01111110100001
01111111010010
01111111110010
01111111111111
01111111111010
01111111100010
01111110111001
01111101111110
01111100110000
01111011010001
01111001100001
01110111011111
01110101001100
01110010101001
01101111110101
01101100110010
01101001011111
01100101111100
01100010001100
01011110001101
01011010000010
01010101101001
01010001000100
01001100010100
01000111011001
01000010010011
00111101000100
00110111101101
00110010001110
00101100100111
00100110111010
00100001001000
00011011010001
00010101010110
00001111011000
00001001011000
00000011010110
11111101010100
11110111010011
11110001010011
11101011010100
11100101011001
11011111100001
11011001101111
11010100000001
11001110011010
11001000111010
11000011100001
10111110010010
10111001001011
10110100001111
10101111011101
10101010110111
10100110011101
10100010010000
10011110010000
10011010011110
10010110111010
10010011100101
10010000100000
10001101101010
10001011000101
10001000110000
10000110101101
10000100111010
10000011011001
10000010001010
10000001001101
10000000100001
10000000001000
10000000000001
10000000001100
10000000101001
10000001011001
10000010011010
10000011101101
10000101010010
10000111001001
10001001010000
10001011101000
10001110010001
10010001001010
10010100010011
10010111101011
10011011010010
10011111000111
10100011001010
10100111011011
10101011110111
10110000100000
10110101010100
10111010010011
10111111011011
11000100101101
11001010000111
11001111101001
11010101010010
11011011000001
11100000110101
11100110101101
11101100101001
11110010101000
11111000101000
11111110101010
00000100101100
00001010101101
00010000101101
00010110101011
00011100100101
00100010011011
00101000001100
00101101110111
00110011011100
00111000111010
00111110010000
01000011011100
01001000011111
01001101011000
01010010000110
01010110101000
01011010111110
01011111000111
01100011000011
01100110110000
01101010001111
01101101011110
01110000011110
01110011001111
01110101101110
01110111111101
01111001111011
01111011101000
01111101000011
01111110001100
01111111000100
01111111101001
01111111111100
01111111111101
01111111101100
01111111001001
01111110010011
01111101001100
01111011110011
01111010001000
01111000001100
01110101111111
01110011100001
01110000110011
01101101110101
01101010100111
01100111001001
01100011011110
01011111100100
01011011011100
01010111001000
01010010100111
01001101111010
01001001000011
01000100000001
00111110110101
00111001100000
00110100000100
00101110011111
00101000110101
00100011000100
00011101001110
00010111010101
00010001011000
00001011011000
00000101010111
11111111010101
11111001010011
11110011010010
11101101010011
11100111010111
11100001011110
11011011101010
11010101111010
11010000010001
11001010101110
11000101010011
11000000000000
10111010110111
10110101110111
10110001000010
10101100011000
10100111111010
10100011101000
10011111100011
10011011101101
10011000000100
10010100101010
10010001100000
10001110100101
10001011111010
10001001100000
10000111010111
10000101011110
10000011111000
10000010100010
10000001011111
10000000101110
10000000001110
10000000000001
10000000000110
10000000011110
10000001000111
10000010000010
10000011010000
10000100101111
10000110011111
10001000100001
10001010110100
10001101010111
10010000001011
10010011001110
10010110100001
10011010000100
10011101110100
10100001110011
10100101111110
10101010010111
10101110111100
10110011101100
10111000100111
10111101101101
11000010111100
11001000010011
11001101110010
11010011011001
11011001000110
11011110111000
11100100101111
11101010101010
11110000101000
11110110101000
11111100101010
00000010101100
00001000101101
00001110101101
00010100101100
00011010100111
00100000011111
00100110010001
00101011111111
00110001100110
00110111000110
00111100011111
01000001101110
01000110110101
01001011110001
01010000100011
01010101001001
01011001100011
01011101110000
01100001110000
01100101100010
01101001000110
01101100011011
01101111100000
01110010010110
01110100111011
01110111010000
01111001010011
01111011000110
01111100100111
01111101110110
01111110110011
01111111011111
01111111111000
01111111111111
01111111110100
01111111010111
01111110100111
01111101100110
01111100010011
01111010101110
01111000110111
01110110110000
01110100011000
01110001101111
01101110110110
01101011101101
01101000010101
01100100101110
01100000111001
01011100110110
01011000100101
01010100001001
01001111100000
01001010101100
01000101101101
01000000100101
00111011010011
00110101111001
00110000010111
00101010101110
00100100111111
00011111001011
00011001010011
00010011010111
00001101011000
00000111011000
00000001010110
11111011010100
11110101010011
11101111010011
11101001010101
11100011011011
11011101100101
11010111110100
11010010001001
11001100100100
11000111000110
11000001110000
10111100100100
10110111100001
10110010101000
10101101111010
10101001011000
10100101000010
10100000111001
10011100111101
10011001010000
10010101110001
10010010100010
10001111100010
10001100110001
10001010010010
10001000000011
10000110000101
10000100011000
10000010111101
10000001110100
10000000111100
10000000010111
10000000000100
10000000000011
10000000010100
10000000110111
10000001101101
10000010110100
10000100001101
10000101111000
10000111110100
10001010000001
10001100011111
10001111001101
10010010001011
10010101011001
10011000110111
10011100100010
10100000011100
10100100100100
10101000111000
10101101011001
10110010000110
10110110111101
10111011111111
11000001001011
11000110100000
11001011111100
11010001100001
11010111001011
11011100111100
11100010110010
11101000101011
11101110101000
11110100101000
11111010101001
00000000101011
00000110101101
00001100101110
00010010101101
00011000101001
00011110100010
00100100010110
00101010000110
00101111101111
00110101010010
00111010101101
01000000000000
01000101001001
01001010001001
01001110111110
01010011101000
01011000000110
01011100011000
01100000011101
01100100010011
01100111111100
01101011010110
01101110100000
01110001011011
01110100000110
01110110100000
01111000101001
01111010100010
01111100001000
01111101011110
01111110100001
01111111010010
01111111110010
01111111111111
01111111111010
01111111100010
01111110111001
01111101111110
01111100110000
01111011010001
01111001100001
01110111011111
01110101001100
01110010101001
01101111110101
01101100110010
01101001011111
01100101111100
01100010001100
01011110001101
01011010000010
01010101101001
01010001000100
01001100010100
01000111011001
01000010010011
00111101000100
00110111101101
00110010001110
00101100100111
00100110111010
00100001001000
00011011010001
00010101010110
00001111011000
00001001011000
00000011010110
11111101010100
11110111010011
11110001010011
11101011010100
11100101011001
11011111100001
11011001101111
11010100000001
11001110011010
11001000111010
11000011100001
10111110010010
10111001001011
10110100001111
10101111011101
10101010110111
10100110011101
10100010010000
10011110010000
10011010011110
10010110111010
10010011100101
10010000100000
10001101101010
10001011000101
10001000110000
10000110101101
10000100111010
10000011011001
10000010001010
10000001001101
10000000100001
10000000001000
10000000000001
10000000001100
10000000101001
10000001011001
10000010011010
10000011101101
10000101010010
10000111001001
10001001010000
10001011101000
10001110010001
10010001001010
10010100010011
10010111101011
10011011010010
10011111000111
10100011001010
10100111011011
10101011110111
10110000100000
10110101010100
10111010010011
10111111011011
11000100101101
11001010000111
11001111101001
11010101010010
11011011000001
11100000110101
11100110101101
11101100101001
11110010101000
11111000101000
11111110101010
00000100101100
00001010101101
00010000101101
00010110101011
00011100100101
00100010011011
00101000001100
00101101110111
00110011011100
00111000111010
00111110010000
01000011011100
01001000011111
01001101011000
01010010000110
01010110101000
01011010111110
01011111000111
01100011000011
01100110110000
01101010001111
01101101011110
01110000011110
01110011001111
01110101101110
01110111111101
01111001111011
01111011101000
01111101000011
01111110001100
01111111000100
01111111101001
01111111111100
01111111111101
01111111101100
01111111001001
01111110010011
01111101001100
01111011110011
01111010001000
01111000001100
01110101111111
01110011100001
01110000110011
01101101110101
01101010100111
01100111001001
01100011011110
01011111100100
01011011011100
01010111001000
01010010100111
01001101111010
01001001000011
01000100000001
00111110110101
00111001100000
00110100000100
00101110011111
00101000110101
00100011000100
00011101001110
00010111010101
00010001011000
00001011011000
00000101010111
11111111010101
11111001010011
11110011010010
11101101010011
11100111010111
11100001011110
11011011101010
11010101111010
11010000010001
11001010101110
11000101010011
11000000000000
10111010110111
10110101110111
10110001000010
10101100011000
10100111111010
10100011101000
10011111100011
10011011101101
10011000000100
10010100101010
10010001100000
10001110100101
10001011111010
10001001100000
10000111010111
10000101011110
10000011111000
10000010100010
10000001011111
10000000101110
10000000001110
10000000000001
10000000000110
10000000011110
10000001000111
10000010000010
10000011010000
10000100101111
10000110011111
10001000100001
10001010110100
10001101010111
10010000001011
10010011001110
10010110100001
10011010000100
10011101110100
10100001110011
10100101111110
10101010010111
10101110111100
10110011101100
10111000100111
10111101101101
11000010111100
11001000010011
11001101110010
11010011011001
11011001000110
11011110111000
11100100101111
11101010101010
11110000101000
11110110101000
11111100101010
00000010101100
00001000101101
00001110101101
00010100101100
00011010100111
00100000011111
00100110010001
00101011111111
00110001100110
00110111000110
00111100011111
01000001101110
01000110110101
01001011110001
01010000100011
01010101001001
01011001100011
01011101110000
01100001110000
01100101100010
01101001000110
01101100011011
01101111100000
01110010010110
01110100111011
01110111010000
01111001010011
01111011000110
01111100100111
01111101110110
01111110110011
01111111011111
01111111111000
01111111111111
01111111110100
01111111010111
01111110100111
01111101100110
01111100010011
01111010101110
01111000110111
01110110110000
01110100011000
01110001101111
01101110110110
01101011101101
01101000010101
01100100101110
01100000111001
01011100110110
01011000100101
01010100001001
01001111100000
01001010101100
01000101101101
01000000100101
00111011010011
00110101111001
00110000010111
00101010101110
00100100111111
00011111001011
00011001010011
00010011010111
00001101011000
00000111011000
00000001010110
11111011010100
11110101010011
11101111010011
11101001010101
11100011011011
11011101100101
11010111110100
11010010001001
11001100100100
11000111000110
11000001110000
10111100100100
10110111100001
10110010101000
10101101111010
10101001011000
10100101000010
10100000111001
10011100111101
10011001010000
10010101110001
10010010100010
10001111100010
10001100110001
10001010010010
10001000000011
10000110000101
10000100011000
10000010111101
10000001110100
10000000111100
10000000010111
10000000000100
10000000000011
10000000010100
10000000110111
10000001101101
10000010110100
10000100001101
10000101111000
10000111110100
10001010000001
10001100011111
10001111001101
10010010001011
10010101011001
10011000110111
10011100100010
10100000011100
10100100100100
10101000111000
10101101011001
10110010000110
10110110111101
10111011111111
11000001001011
11000110100000
11001011111100
11010001100001
11010111001011
11011100111100
11100010110010
11101000101011
11101110101000
11110100101000
11111010101001
00000000101011
00000110101101
00001100101110
00010010101101
00011000101001
00011110100010
00100100010110
00101010000110
00101111101111
00110101010010
00111010101101
01000000000000
01000101001001
01001010001001
01001110111110
01010011101000
01011000000110
01011100011000
01100000011101
01100100010011
01100111111100
01101011010110
01101110100000
01110001011011
01110100000110
01110110100000
01111000101001
01111010100010
01111100001000
01111101011110
01111110100001
01111111010010
01111111110010
01111111111111
01111111111010
01111111100010
01111110111001
01111101111110
01111100110000
01111011010001
01111001100001
01110111011111
01110101001100
01110010101001
01101111110101
01101100110010
01101001011111
01100101111100
01100010001100
01011110001101
01011010000010
01010101101001
01010001000100
01001100010100
01000111011001
01000010010011
00111101000100
00110111101101
00110010001110
00101100100111
00100110111010
00100001001000
00011011010001
00010101010110
00001111011000
00001001011000
00000011010110
11111101010100
11110111010011
11110001010011
11101011010100
11100101011001
11011111100001
11011001101111
11010100000001
11001110011010
11001000111010
11000011100001
10111110010010
10111001001011
10110100001111
10101111011101
10101010110111
10100110011101
10100010010000
10011110010000
10011010011110
10010110111010
10010011100101
10010000100000
10001101101010
10001011000101
10001000110000
10000110101101
10000100111010
10000011011001
10000010001010
10000001001101
10000000100001
10000000001000
10000000000001
10000000001100
10000000101001
10000001011001
10000010011010
10000011101101
10000101010010
10000111001001
10001001010000
10001011101000
10001110010001
