01111111111111
01111111111010
01111111101011
01111111010001
01111110101101
01111101111111
01111101001000
01111100000110
01111010111010
01111001100100
01111000000101
01110110011100
01110100101001
01110010101110
01110000101001
01101110011011
01101100000100
01101001100100
01100110111101
01100100001101
01100001010100
01011110010101
01011011001101
01010111111111
01010100101001
01010001001100
01001101101001
01001010000000
01000110010001
01000010011100
00111110100010
00111010100011
00110110100000
00110010010111
00101110001011
00101001111100
00100101101000
00100001010010
00011100111010
00011000011110
00010100000001
00001111100011
00001011000011
00000110100010
00000010000001
11111101011111
11111000111110
11110100011101
11101111111101
11101011011111
11100111000010
11100010100111
11011110001111
11011001111001
11010101100110
11010001010111
11001101001011
11001001000011
11000101000000
11000001000010
10111101001000
10111001010100
10110101100110
10110001111101
10101110011011
10101010111111
10100111101010
10100100011100
10100001010110
10011110010111
10011011011111
10011000110000
10010110001001
10010011101011
10010001010101
10001111001000
10001101000100
10001011001010
10001001011000
10000111110000
10000110010010
10000100111101
10000011110011
10000010110010
10000001111011
10000001001110
10000000101100
10000000010011
10000000000101
10000000000001
10000000000111
10000000011000
10000000110010
10000001010111
10000010000110
10000010111111
10000100000010
10000101001111
10000110100110
10001000000110
10001001110001
10001011100100
10001101100001
10001111100111
10010001110110
10010100001101
10010110101110
10011001010111
10011100000111
10011111000000
10100010000001
10100101001001
10101000011001
10101011101111
10101111001101
10110010110000
10110110011010
10111010001010
10111101111111
11000001111010
11000101111001
11001001111110
11001110000110
11010010010011
11010110100011
11011010110110
11011111001101
11100011100110
11101000000001
11101100011110
11110000111101
11110101011101
11111001111110
11111110100000
00000011000001
00000111100010
00001100000011
00010000100011
00010101000001
00011001011110
00011101111000
00100010010000
00100110100110
00101010111000
00101111000111
00110011010011
00110111011010
00111011011100
00111111011010
01000011010011
01000111000111
01001010110100
01001110011100
01010001111110
01010101011001
01011000101101
01011011111010
01011111000000
01100001111110
01100100110100
01100111100011
01101010001001
01101100100110
01101110111011
01110001000111
01110011001010
01110101000100
01110110110100
01111000011011
01111001111000
01111011001011
01111100010101
01111101010101
01111110001010
01111110110110
01111111011000
01111111101111
01111111111100
01111111111111
01111111110111
01111111100110
01111111001010
01111110100100
01111101110100
01111100111010
01111011110110
01111010101000
01111001010000
01110111101110
01110110000011
01110100001111
01110010010001
01110000001010
01101101111010
01101011100001
01101001000000
01100110010110
01100011100100
01100000101011
01011101101001
01011010100000
01010111010000
01010011111000
01010000011010
01001100110110
01001001001100
01000101011011
01000001100101
00111101101010
00111001101010
00110101100101
00110001011100
00101101001111
00101000111111
00100100101011
00100000010100
00011011111011
00010111011111
00010011000010
00001110100011
00001010000011
00000101100010
00000001000000
11111100011111
11110111111110
11110011011101
11101110111110
11101010011111
11100110000011
11100001101001
11011101010001
11011000111011
11010100101001
11010000011011
11001100010000
11001000001001
11000100000111
11000000001010
10111100010001
10111000011111
10110100110001
10110001001010
10101101101001
10101010001111
10100110111100
10100011101111
10100000101011
10011101101101
10011010111000
10011000001010
10010101100101
10010011001001
10010000110101
10001110101010
10001100101000
10001010110000
10001001000000
10000111011010
10000101111110
10000100101100
10000011100011
10000010100101
10000001110000
10000001000110
10000000100101
10000000001111
10000000000011
10000000000010
10000000001010
10000000011101
10000000111010
10000001100001
10000010010010
10000011001101
10000100010011
10000101100010
10000110111011
10001000011101
10001010001001
10001011111111
10001101111110
10010000000110
10010010010111
10010100110000
10010111010011
10011001111101
10011100110000
10011111101011
10100010101101
10100101110111
10101001001000
10101100100000
10101111111111
10110011100100
10110111001111
10111011000000
10111110110110
11000010110010
11000110110011
11001010111000
11001111000001
11010011001111
11010111100000
11011011110100
11100000001011
11100100100101
11101001000000
11101101011110
11110001111101
11110110011101
11111010111110
11111111100000
00000100000001
00001000100010
00001101000011
00010001100010
00010110000000
00011010011101
00011110110111
00100011001110
00100111100011
00101011110101
00110000000011
00110100001101
00111000010100
00111100010101
01000000010010
01000100001010
01000111111100
01001011101001
01001111001111
01010010101111
01010110001001
01011001011011
01011100100111
01011111101011
01100010100111
01100101011100
01101000001000
01101010101100
01101101001000
01101111011011
01110001100101
01110011100110
01110101011101
01110111001100
01111000110000
01111010001011
01111011011101
01111100100100
01111101100010
01111110010101
01111110111110
01111111011110
01111111110011
01111111111101
01111111111110
01111111110100
01111111100000
01111111000010
01111110011010
01111101101000
01111100101011
01111011100101
01111010010101
01111000111011
01110111010111
01110101101010
01110011110011
01110001110100
01101111101011
01101101011001
01101010111110
01101000011011
01100101101111
01100010111100
01100000000000
01011100111101
01011001110010
01010110100000
01010011001000
01001111101000
01001100000010
01001000010111
01000100100101
01000000101110
00111100110010
00111000110000
00110100101011
00110000100001
00101100010011
00101000000010
00100011101101
00011111010110
00011010111100
00010110100000
00010010000010
00001101100011
00001001000011
00000100100001
00000000000000
11111011011111
11110110111101
11110010011101
11101101111110
11101001100000
11100101000100
11100000101010
11011100010011
11010111111110
11010011101101
11001111011111
11001011010101
11000111010000
11000011001110
10111111010010
10111011011011
10110111101001
10110011111110
10110000011000
10101100111000
10101001100000
10100110001110
10100011000011
10100000000000
10011101000100
10011010010001
10010111100101
10010101000010
10010010100111
10010000010101
10001110001100
10001100001101
10001010010110
10001000101001
10000111000101
10000101101011
10000100011011
10000011010101
10000010011000
10000001100110
10000000111110
10000000100000
10000000001100
10000000000010
10000000000011
10000000001101
10000000100010
10000001000010
10000001101011
10000010011110
10000011011100
10000100100011
10000101110101
10000111010000
10001000110100
10001010100011
10001100011010
10001110011011
10010000100101
10010010111000
10010101010100
10010111111000
10011010100100
10011101011001
10100000010101
10100011011001
10100110100101
10101001110111
10101101010001
10110000110001
10110100010111
10111000000100
10111011110110
10111111101110
11000011101011
11000111101100
11001011110011
11001111111101
11010100001011
11011000011101
11011100110010
11100001001001
11100101100011
11101010000000
11101110011110
11110010111101
11110111011110
11111011111111
00000000100000
00000101000010
00001001100011
00001110000011
00010010100010
00010111000000
00011011011011
00011111110101
00100100001100
00101000100000
00101100110001
00110000111111
00110101001000
00111001001101
00111101001110
01000001001010
01000101000000
01001000110001
01001100011100
01010000000001
01010011100000
01010110111000
01011010001001
01011101010011
01100000010101
01100011010000
01100110000011
01101000101101
01101011010000
01101101101001
01101111111010
01110010000010
01110100000001
01110101110111
01110111100011
01111001000101
01111010011110
01111011101101
01111100110011
01111101101110
01111110011111
01111111000110
01111111100011
01111111110110
01111111111110
01111111111101
01111111110001
01111111011011
01111110111010
01111110010000
01111101011011
01111100011101
01111011010100
01111010000010
01111000100110
01110111000000
01110101010000
01110011011000
01110001010110
01101111001011
01101100110111
01101010011011
01100111110110
01100101001000
01100010010011
01011111010101
01011100010001
01011001000100
01010101110001
01010010010111
01001110110110
01001011001111
01000111100001
01000011101111
00111111110110
00111011111001
00110111110111
00110011110000
00101111100101
00101011010111
00100111000101
00100010101111
00011110010111
00011001111101
00010101100001
00010001000010
00001100100011
00001000000010
00000011100001
11111111000000
11111010011110
11110101111101
11110001011101
11101100111110
11101000100001
11100100000101
11011111101100
11011011010101
11010111000001
11010010110001
11001110100100
11001010011011
11000110010110
11000010010110
10111110011011
10111010100101
10110110110100
10110011001010
10101111100110
10101100001000
10101000110000
10100101100000
10100010010111
10011111010101
10011100011100
10011001101010
10010111000000
10010100011111
10010010000110
10001111110110
10001101101111
10001011110001
10001001111101
10001000010010
10000110110000
10000101011000
10000100001010
10000011000110
10000010001100
10000001011100
10000000110110
10000000011010
10000000001001
10000000000001
10000000000100
10000000010001
10000000101000
10000001001010
10000001110110
10000010101011
10000011101011
10000100110101
10000110001000
10000111100101
10001001001100
10001010111100
10001100110110
10001110111001
10010001000101
10010011011010
10010101110111
10011000011101
10011011001100
10011110000010
10100001000000
10100100000110
10100111010011
10101010100111
10101110000010
10110001100100
10110101001100
10111000111001
10111100101101
11000000100110
11000100100100
11001000100110
11001100101101
11010000111001
11010101001000
11011001011010
11011101110000
11100010001000
11100110100010
11101010111111
11101111011101
11110011111101
11111000011110
11111100111111
00000001100000
00000110000010
00001010100011
00001111000011
00010011100010
00010111111111
00011100011010
00100000110011
00100101001010
00101001011101
00101101101101
00110001111010
00110110000010
00111010000111
00111110000110
01000010000001
01000101110110
01001001100110
01001101010000
01010000110011
01010100010001
01010111100111
01011010110111
01011101111111
01100001000000
01100011111001
01100110101001
01101001010010
01101011110011
01101110001010
01110000011001
01110010011111
01110100011100
01110110001111
01110111111010
01111001011010
01111010110001
01111011111110
01111101000001
01111101111010
01111110101001
01111111001110
01111111101000
01111111111001
01111111111111
01111111111011
01111111101101
01111111010100
01111110110010
01111110000101
01111101001110
01111100001101
01111011000011
01111001101110
01111000010000
01110110101000
01110100110110
01110010111100
01110000111000
01101110101011
01101100010101
01101001110111
01100111010000
01100100100001
01100001101001
01011110101010
01011011100100
01011000010110
01010101000001
01010001100101
01001110000011
01001010011010
01000110101100
01000010111000
00111110111110
00111011000000
00110110111101
00110010110101
00101110101001
00101010011010
00100110000111
00100001110001
00011101011001
00011000111110
00010100100001
00010000000011
00001011100011
00000111000010
00000010100001
11111101111111
11111001011110
11110100111101
11110000011101
11101011111111
11100111100010
11100011000110
11011110101110
11011010011000
11010110000100
11010001110101
11001101101001
11001001100000
11000101011101
11000001011110
10111101100100
10111001101111
10110110000000
10110010010111
10101110110100
10101011010111
10101000000001
10100100110011
10100001101011
10011110101100
10011011110011
10011001000011
10010110011100
10010011111100
10010001100101
10001111010111
10001101010010
10001011010111
10001001100100
10000111111011
10000110011100
10000101000110
10000011111010
10000010111000
10000010000001
10000001010011
10000000101111
10000000010101
10000000000110
10000000000001
10000000000110
10000000010101
10000000101111
10000001010011
10000010000001
10000010111000
10000011111010
10000101000110
10000110011100
10000111111011
10001001100100
10001011010111
10001101010010
10001111010111
10010001100101
10010011111100
10010110011100
10011001000011
10011011110011
10011110101100
10100001101011
10100100110011
10101000000001
10101011010111
10101110110100
10110010010111
10110110000000
10111001101111
10111101100100
11000001011110
11000101011101
11001001100000
11001101101001
11010001110101
11010110000100
11011010011000
11011110101110
11100011000110
11100111100010
11101011111111
11110000011101
11110100111101
11111001011110
11111101111111
00000010100001
00000111000010
00001011100011
00010000000011
00010100100001
00011000111110
00011101011001
00100001110001
00100110000111
00101010011010
00101110101001
00110010110101
00110110111101
00111011000000
00111110111110
01000010111000
01000110101100
01001010011010
01001110000011
01010001100101
01010101000001
01011000010110
01011011100100
01011110101010
01100001101001
01100100100001
01100111010000
01101001110111
01101100010101
01101110101011
01110000111000
01110010111100
01110100110110
01110110101000
01111000010000
01111001101110
01111011000011
01111100001101
01111101001110
01111110000101
01111110110010
01111111010100
01111111101101
01111111111011
01111111111111
01111111111001
01111111101000
01111111001110
01111110101001
01111101111010
01111101000001
01111011111110
01111010110001
01111001011010
01110111111010
01110110001111
01110100011100
01110010011111
01110000011001
01101110001010
01101011110011
01101001010010
01100110101001
01100011111001
01100001000000
01011101111111
01011010110111
01010111100111
01010100010001
01010000110011
01001101010000
01001001100110
01000101110110
01000010000001
00111110000110
00111010000111
00110110000010
00110001111010
00101101101101
00101001011101
00100101001010
00100000110011
00011100011010
00010111111111
00010011100010
00001111000011
00001010100011
00000110000010
00000001100000
11111100111111
11111000011110
11110011111101
11101111011101
11101010111111
11100110100010
11100010001000
11011101110000
11011001011010
11010101001000
11010000111001
11001100101101
11001000100110
11000100100100
11000000100110
10111100101101
10111000111001
10110101001100
10110001100100
10101110000010
10101010100111
10100111010011
10100100000110
10100001000000
10011110000010
10011011001100
10011000011101
10010101110111
10010011011010
10010001000101
10001110111001
10001100110110
10001010111100
10001001001100
10000111100101
10000110001000
10000100110101
10000011101011
10000010101011
10000001110110
10000001001010
10000000101000
10000000010001
10000000000100
10000000000001
10000000001001
10000000011010
10000000110110
10000001011100
10000010001100
10000011000110
10000100001010
10000101011000
10000110110000
10001000010010
10001001111101
10001011110001
10001101101111
10001111110110
10010010000110
10010100011111
10010111000000
10011001101010
10011100011100
10011111010101
10100010010111
10100101100000
10101000110000
10101100001000
10101111100110
10110011001010
10110110110100
10111010100101
10111110011011
11000010010110
11000110010110
11001010011011
11001110100100
11010010110001
11010111000001
11011011010101
11011111101100
11100100000101
11101000100001
11101100111110
11110001011101
11110101111101
11111010011110
11111111000000
00000011100001
00001000000010
00001100100011
00010001000010
00010101100001
00011001111101
00011110010111
00100010101111
00100111000101
00101011010111
00101111100101
00110011110000
00110111110111
00111011111001
00111111110110
01000011101111
01000111100001
01001011001111
01001110110110
01010010010111
01010101110001
01011001000100
01011100010001
01011111010101
01100010010011
01100101001000
01100111110110
01101010011011
01101100110111
01101111001011
01110001010110
01110011011000
01110101010000
01110111000000
01111000100110
01111010000010
01111011010100
01111100011101
01111101011011
01111110010000
01111110111010
01111111011011
01111111110001
01111111111101
01111111111110
01111111110110
01111111100011
01111111000110
01111110011111
01111101101110
01111100110011
01111011101101
01111010011110
01111001000101
01110111100011
01110101110111
01110100000001
01110010000010
01101111111010
01101101101001
01101011010000
01101000101101
01100110000011
01100011010000
01100000010101
01011101010011
01011010001001
01010110111000
01010011100000
01010000000001
01001100011100
01001000110001
01000101000000
01000001001010
00111101001110
00111001001101
00110101001000
00110000111111
00101100110001
00101000100000
00100100001100
00011111110101
00011011011011
00010111000000
00010010100010
00001110000011
00001001100011
00000101000010
00000000100000
11111011111111
11110111011110
11110010111101
11101110011110
11101010000000
11100101100011
11100001001001
11011100110010
11011000011101
11010100001011
11001111111101
11001011110011
11000111101100
11000011101011
10111111101110
10111011110110
10111000000100
10110100010111
10110000110001
10101101010001
10101001110111
10100110100101
10100011011001
10100000010101
10011101011001
10011010100100
10010111111000
10010101010100
10010010111000
10010000100101
10001110011011
10001100011010
10001010100011
10001000110100
10000111010000
10000101110101
10000100100011
10000011011100
10000010011110
10000001101011
10000001000010
10000000100010
10000000001101
10000000000011
10000000000010
10000000001100
10000000100000
10000000111110
10000001100110
10000010011000
10000011010101
10000100011011
10000101101011
10000111000101
10001000101001
10001010010110
10001100001101
10001110001100
10010000010101
10010010100111
10010101000010
10010111100101
10011010010001
10011101000100
10100000000000
10100011000011
10100110001110
10101001100000
10101100111000
10110000011000
10110011111110
10110111101001
10111011011011
10111111010010
11000011001110
11000111010000
11001011010101
11001111011111
11010011101101
11010111111110
11011100010011
11100000101010
11100101000100
11101001100000
11101101111110
11110010011101
11110110111101
11111011011111
00000000000000
00000100100001
00001001000011
00001101100011
00010010000010
00010110100000
00011010111100
00011111010110
00100011101101
00101000000010
00101100010011
00110000100001
00110100101011
00111000110000
00111100110010
01000000101110
01000100100101
01001000010111
01001100000010
01001111101000
01010011001000
01010110100000
01011001110010
01011100111101
01100000000000
01100010111100
01100101101111
01101000011011
01101010111110
01101101011001
01101111101011
01110001110100
01110011110011
01110101101010
01110111010111
01111000111011
01111010010101
01111011100101
01111100101011
01111101101000
01111110011010
01111111000010
01111111100000
01111111110100
01111111111110
01111111111101
01111111110011
01111111011110
01111110111110
01111110010101
01111101100010
01111100100100
01111011011101
01111010001011
01111000110000
01110111001100
01110101011101
01110011100110
01110001100101
01101111011011
01101101001000
01101010101100
01101000001000
01100101011100
01100010100111
01011111101011
01011100100111
01011001011011
01010110001001
01010010101111
01001111001111
01001011101001
01000111111100
01000100001010
01000000010010
00111100010101
00111000010100
00110100001101
00110000000011
00101011110101
00100111100011
00100011001110
00011110110111
00011010011101
00010110000000
00010001100010
00001101000011
00001000100010
00000100000001
11111111100000
11111010111110
11110110011101
11110001111101
11101101011110
11101001000000
11100100100101
11100000001011
11011011110100
11010111100000
11010011001111
11001111000001
11001010111000
11000110110011
11000010110010
10111110110110
10111011000000
10110111001111
10110011100100
10101111111111
10101100100000
10101001001000
10100101110111
10100010101101
10011111101011
10011100110000
10011001111101
10010111010011
10010100110000
10010010010111
10010000000110
10001101111110
10001011111111
10001010001001
10001000011101
10000110111011
10000101100010
10000100010011
10000011001101
10000010010010
10000001100001
10000000111010
10000000011101
10000000001010
10000000000010
10000000000011
10000000001111
10000000100101
10000001000110
10000001110000
10000010100101
10000011100011
10000100101100
10000101111110
10000111011010
10001001000000
10001010110000
10001100101000
10001110101010
10010000110101
10010011001001
10010101100101
10011000001010
10011010111000
10011101101101
10100000101011
10100011101111
10100110111100
10101010001111
10101101101001
10110001001010
10110100110001
10111000011111
10111100010001
11000000001010
11000100000111
11001000001001
11001100010000
11010000011011
11010100101001
11011000111011
11011101010001
11100001101001
11100110000011
11101010011111
11101110111110
11110011011101
11110111111110
11111100011111
00000001000000
00000101100010
00001010000011
00001110100011
00010011000010
00010111011111
00011011111011
00100000010100
00100100101011
00101000111111
00101101001111
00110001011100
00110101100101
00111001101010
00111101101010
01000001100101
01000101011011
01001001001100
01001100110110
01010000011010
01010011111000
01010111010000
01011010100000
01011101101001
01100000101011
01100011100100
01100110010110
01101001000000
01101011100001
01101101111010
01110000001010
01110010010001
01110100001111
01110110000011
01110111101110
01111001010000
01111010101000
01111011110110
01111100111010
01111101110100
01111110100100
01111111001010
01111111100110
01111111110111
01111111111111
01111111111100
01111111101111
01111111011000
01111110110110
01111110001010
01111101010101
01111100010101
01111011001011
01111001111000
01111000011011
01110110110100
01110101000100
01110011001010
01110001000111
01101110111011
01101100100110
01101010001001
01100111100011
01100100110100
01100001111110
01011111000000
01011011111010
01011000101101
01010101011001
01010001111110
01001110011100
01001010110100
01000111000111
01000011010011
00111111011010
00111011011100
00110111011010
00110011010011
00101111000111
00101010111000
00100110100110
00100010010000
00011101111000
00011001011110
00010101000001
00010000100011
00001100000011
00000111100010
00000011000001
11111110100000
11111001111110
11110101011101
11110000111101
11101100011110
11101000000001
11100011100110
11011111001101
11011010110110
11010110100011
11010010010011
11001110000110
11001001111110
11000101111001
11000001111010
10111101111111
10111010001010
10110110011010
10110010110000
10101111001101
10101011101111
10101000011001
10100101001001
10100010000001
10011111000000
10011100000111
10011001010111
10010110101110
10010100001101
10010001110110
10001111100111
10001101100001
10001011100100
10001001110001
10001000000110
10000110100110
10000101001111
10000100000010
10000010111111
10000010000110
10000001010111
10000000110010
10000000011000
10000000000111
10000000000001
10000000000101
10000000010011
10000000101100
10000001001110
10000001111011
10000010110010
10000011110011
10000100111101
10000110010010
10000111110000
10001001011000
10001011001010
10001101000100
10001111001000
10010001010101
10010011101011
10010110001001
10011000110000
10011011011111
10011110010111
10100001010110
10100100011100
10100111101010
10101010111111
10101110011011
10110001111101
10110101100110
10111001010100
10111101001000
11000001000010
11000101000000
11001001000011
11001101001011
11010001010111
11010101100110
11011001111001
11011110001111
11100010100111
11100111000010
11101011011111
11101111111101
11110100011101
11111000111110
11111101011111
00000010000001
00000110100010
00001011000011
00001111100011
00010100000001
00011000011110
00011100111010
00100001010010
00100101101000
00101001111100
00101110001011
00110010010111
00110110100000
00111010100011
00111110100010
01000010011100
01000110010001
01001010000000
01001101101001
01010001001100
01010100101001
01010111111111
01011011001101
01011110010101
01100001010100
01100100001101
01100110111101
01101001100100
01101100000100
01101110011011
01110000101001
01110010101110
01110100101001
01110110011100
01111000000101
01111001100100
01111010111010
01111100000110
01111101001000
01111101111111
01111110101101
01111111010001
01111111101011
01111111111010
