01101110110110
01110001101111
01110100011000
01110110110000
01111000110111
01111010101110
01111100010011
01111101100110
01111110100111
01111111010111
01111111110100
01111111111111
01111111111000
01111111011111
01111110110011
01111101110110
01111100100111
01111011000110
01111001010011
01110111010000
01110100111011
01110010010110
01101111100000
01101100011011
01101001000110
01100101100010
01100001110000
01011101110000
01011001100011
01010101001001
01010000100011
01001011110001
01000110110101
01000001101110
00111100011111
00110111000110
00110001100110
00101011111111
00100110010001
00100000011111
00011010100111
00010100101100
00001110101101
00001000101101
00000010101100
11111100101010
11110110101000
11110000101000
11101010101010
11100100101111
11011110111000
11011001000110
11010011011001
11001101110010
11001000010011
11000010111100
10111101101101
10111000100111
10110011101100
10101110111100
10101010010111
10100101111110
10100001110011
10011101110100
10011010000100
10010110100001
10010011001110
10010000001011
10001101010111
10001010110100
10001000100001
10000110011111
10000100101111
10000011010000
10000010000010
10000001000111
10000000011110
10000000000110
10000000000001
10000000001110
10000000101110
10000001011111
10000010100010
10000011111000
10000101011110
10000111010111
10001001100000
10001011111010
10001110100101
10010001100000
10010100101010
10011000000100
10011011101101
10011111100011
10100011101000
10100111111010
10101100011000
10110001000010
10110101110111
10111010110111
11000000000000
11000101010011
11001010101110
11010000010001
11010101111010
11011011101010
11100001011110
11100111010111
11101101010011
11110011010010
11111001010011
11111111010101
00000101010111
00001011011000
00010001011000
00010111010101
00011101001110
00100011000100
00101000110101
00101110011111
00110100000100
00111001100000
00111110110101
01000100000001
01001001000011
01001101111010
01010010100111
01010111001000
01011011011100
01011111100100
01100011011110
01100111001001
01101010100111
01101101110101
01110000110011
01110011100001
01110101111111
01111000001100
01111010001000
01111011110011
01111101001100
01111110010011
01111111001001
01111111101100
01111111111101
01111111111100
01111111101001
01111111000100
01111110001100
01111101000011
01111011101000
01111001111011
01110111111101
01110101101110
01110011001111
01110000011110
01101101011110
01101010001111
01100110110000
01100011000011
01011111000111
01011010111110
01010110101000
01010010000110
01001101011000
01001000011111
01000011011100
00111110010000
00111000111010
00110011011100
00101101110111
00101000001100
00100010011011
00011100100101
00010110101011
00010000101101
00001010101101
00000100101100
11111110101010
11111000101000
11110010101000
11101100101001
11100110101101
11100000110101
11011011000001
11010101010010
11001111101001
11001010000111
11000100101101
10111111011011
10111010010011
10110101010100
10110000100000
10101011110111
10100111011011
10100011001010
10011111000111
10011011010010
10010111101011
10010100010011
10010001001010
10001110010001
10001011101000
10001001010000
10000111001001
10000101010010
10000011101101
10000010011010
10000001011001
10000000101001
10000000001100
10000000000001
10000000001000
10000000100001
10000001001101
10000010001010
10000011011001
10000100111010
10000110101101
10001000110000
10001011000101
10001101101010
10010000100000
10010011100101
10010110111010
10011010011110
10011110010000
10100010010000
10100110011101
10101010110111
10101111011101
10110100001111
10111001001011
10111110010010
11000011100001
11001000111010
11001110011010
11010100000001
11011001101111
11011111100001
11100101011001
11101011010100
11110001010011
11110111010011
11111101010100
00000011010110
00001001011000
00001111011000
00010101010110
00011011010001
00100001001000
00100110111010
00101100100111
00110010001110
00110111101101
00111101000100
01000010010011
01000111011001
01001100010100
01010001000100
01010101101001
01011010000010
01011110001101
01100010001100
01100101111100
01101001011111
01101100110010
01101111110101
01110010101001
01110101001100
01110111011111
01111001100001
01111011010001
01111100110000
01111101111110
01111110111001
01111111100010
01111111111010
01111111111111
01111111110010
01111111010010
01111110100001
01111101011110
01111100001000
01111010100010
01111000101001
01110110100000
01110100000110
01110001011011
01101110100000
01101011010110
01100111111100
01100100010011
01100000011101
01011100011000
01011000000110
01010011101000
01001110111110
01001010001001
01000101001001
01000000000000
00111010101101
00110101010010
00101111101111
00101010000110
00100100010110
00011110100010
00011000101001
00010010101101
00001100101110
00000110101101
00000000101011
11111010101001
11110100101000
11101110101000
11101000101011
11100010110010
11011100111100
11010111001011
11010001100001
11001011111100
11000110100000
11000001001011
10111011111111
10110110111101
10110010000110
10101101011001
10101000111000
10100100100100
10100000011100
10011100100010
10011000110111
10010101011001
10010010001011
10001111001101
10001100011111
10001010000001
10000111110100
10000101111000
10000100001101
10000010110100
10000001101101
10000000110111
10000000010100
10000000000011
10000000000100
10000000010111
10000000111100
10000001110100
10000010111101
10000100011000
10000110000101
10001000000011
10001010010010
10001100110001
10001111100010
10010010100010
10010101110001
10011001010000
10011100111101
10100000111001
10100101000010
10101001011000
10101101111010
10110010101000
10110111100001
10111100100100
11000001110000
11000111000110
11001100100100
11010010001001
11010111110100
11011101100101
11100011011011
11101001010101
11101111010011
11110101010011
11111011010100
00000001010110
00000111011000
00001101011000
00010011010111
00011001010011
00011111001011
00100100111111
00101010101110
00110000010111
00110101111001
00111011010011
01000000100101
01000101101101
01001010101100
01001111100000
01010100001001
01011000100101
01011100110110
01100000111001
01100100101110
01101000010101
01101011101101
01101110110110
01110001101111
01110100011000
01110110110000
01111000110111
01111010101110
01111100010011
01111101100110
01111110100111
01111111010111
01111111110100
01111111111111
01111111111000
01111111011111
01111110110011
01111101110110
01111100100111
01111011000110
01111001010011
01110111010000
01110100111011
01110010010110
01101111100000
01101100011011
01101001000110
01100101100010
01100001110000
01011101110000
01011001100011
01010101001001
01010000100011
01001011110001
01000110110101
01000001101110
00111100011111
00110111000110
00110001100110
00101011111111
00100110010001
00100000011111
00011010100111
00010100101100
00001110101101
00001000101101
00000010101100
11111100101010
11110110101000
11110000101000
11101010101010
11100100101111
11011110111000
11011001000110
11010011011001
11001101110010
11001000010011
11000010111100
10111101101101
10111000100111
10110011101100
10101110111100
10101010010111
10100101111110
10100001110011
10011101110100
10011010000100
10010110100001
10010011001110
10010000001011
10001101010111
10001010110100
10001000100001
10000110011111
10000100101111
10000011010000
10000010000010
10000001000111
10000000011110
10000000000110
10000000000001
10000000001110
10000000101110
10000001011111
10000010100010
10000011111000
10000101011110
10000111010111
10001001100000
10001011111010
10001110100101
10010001100000
10010100101010
10011000000100
10011011101101
10011111100011
10100011101000
10100111111010
10101100011000
10110001000010
10110101110111
10111010110111
11000000000000
11000101010011
11001010101110
11010000010001
11010101111010
11011011101010
11100001011110
11100111010111
11101101010011
11110011010010
11111001010011
11111111010101
00000101010111
00001011011000
00010001011000
00010111010101
00011101001110
00100011000100
00101000110101
00101110011111
00110100000100
00111001100000
00111110110101
01000100000001
01001001000011
01001101111010
01010010100111
01010111001000
01011011011100
01011111100100
01100011011110
01100111001001
01101010100111
01101101110101
01110000110011
01110011100001
01110101111111
01111000001100
01111010001000
01111011110011
01111101001100
01111110010011
01111111001001
01111111101100
01111111111101
01111111111100
01111111101001
01111111000100
01111110001100
01111101000011
01111011101000
01111001111011
01110111111101
01110101101110
01110011001111
01110000011110
01101101011110
01101010001111
01100110110000
01100011000011
01011111000111
01011010111110
01010110101000
01010010000110
01001101011000
01001000011111
01000011011100
00111110010000
00111000111010
00110011011100
00101101110111
00101000001100
00100010011011
00011100100101
00010110101011
00010000101101
00001010101101
00000100101100
11111110101010
11111000101000
11110010101000
11101100101001
11100110101101
11100000110101
11011011000001
11010101010010
11001111101001
11001010000111
11000100101101
10111111011011
10111010010011
10110101010100
10110000100000
10101011110111
10100111011011
10100011001010
10011111000111
10011011010010
10010111101011
10010100010011
10010001001010
10001110010001
10001011101000
10001001010000
10000111001001
10000101010010
10000011101101
10000010011010
10000001011001
10000000101001
10000000001100
10000000000001
10000000001000
10000000100001
10000001001101
10000010001010
10000011011001
10000100111010
10000110101101
10001000110000
10001011000101
10001101101010
10010000100000
10010011100101
10010110111010
10011010011110
10011110010000
10100010010000
10100110011101
10101010110111
10101111011101
10110100001111
10111001001011
10111110010010
11000011100001
11001000111010
11001110011010
11010100000001
11011001101111
11011111100001
11100101011001
11101011010100
11110001010011
11110111010011
11111101010100
00000011010110
00001001011000
00001111011000
00010101010110
00011011010001
00100001001000
00100110111010
00101100100111
00110010001110
00110111101101
00111101000100
01000010010011
01000111011001
01001100010100
01010001000100
01010101101001
01011010000010
01011110001101
01100010001100
01100101111100
01101001011111
01101100110010
01101111110101
01110010101001
01110101001100
01110111011111
01111001100001
01111011010001
01111100110000
01111101111110
01111110111001
01111111100010
01111111111010
01111111111111
01111111110010
01111111010010
01111110100001
01111101011110
01111100001000
01111010100010
01111000101001
01110110100000
01110100000110
01110001011011
01101110100000
01101011010110
01100111111100
01100100010011
01100000011101
01011100011000
01011000000110
01010011101000
01001110111110
01001010001001
01000101001001
01000000000000
00111010101101
00110101010010
00101111101111
00101010000110
00100100010110
00011110100010
00011000101001
00010010101101
00001100101110
00000110101101
00000000101011
11111010101001
11110100101000
11101110101000
11101000101011
11100010110010
11011100111100
11010111001011
11010001100001
11001011111100
11000110100000
11000001001011
10111011111111
10110110111101
10110010000110
10101101011001
10101000111000
10100100100100
10100000011100
10011100100010
10011000110111
10010101011001
10010010001011
10001111001101
10001100011111
10001010000001
10000111110100
10000101111000
10000100001101
10000010110100
10000001101101
10000000110111
10000000010100
10000000000011
10000000000100
10000000010111
10000000111100
10000001110100
10000010111101
10000100011000
10000110000101
10001000000011
10001010010010
10001100110001
10001111100010
10010010100010
10010101110001
10011001010000
10011100111101
10100000111001
10100101000010
10101001011000
10101101111010
10110010101000
10110111100001
10111100100100
11000001110000
11000111000110
11001100100100
11010010001001
11010111110100
11011101100101
11100011011011
11101001010101
11101111010011
11110101010011
11111011010100
00000001010110
00000111011000
00001101011000
00010011010111
00011001010011
00011111001011
00100100111111
00101010101110
00110000010111
00110101111001
00111011010011
01000000100101
01000101101101
01001010101100
01001111100000
01010100001001
01011000100101
01011100110110
01100000111001
01100100101110
01101000010101
01101011101101
01101110110110
01110001101111
01110100011000
01110110110000
01111000110111
01111010101110
01111100010011
01111101100110
01111110100111
01111111010111
01111111110100
01111111111111
01111111111000
01111111011111
01111110110011
01111101110110
01111100100111
01111011000110
01111001010011
01110111010000
01110100111011
01110010010110
01101111100000
01101100011011
01101001000110
01100101100010
01100001110000
01011101110000
01011001100011
01010101001001
01010000100011
01001011110001
01000110110101
01000001101110
00111100011111
00110111000110
00110001100110
00101011111111
00100110010001
00100000011111
00011010100111
00010100101100
00001110101101
00001000101101
00000010101100
11111100101010
11110110101000
11110000101000
11101010101010
11100100101111
11011110111000
11011001000110
11010011011001
11001101110010
11001000010011
11000010111100
10111101101101
10111000100111
10110011101100
10101110111100
10101010010111
10100101111110
10100001110011
10011101110100
10011010000100
10010110100001
10010011001110
10010000001011
10001101010111
10001010110100
10001000100001
10000110011111
10000100101111
10000011010000
10000010000010
10000001000111
10000000011110
10000000000110
10000000000001
10000000001110
10000000101110
10000001011111
10000010100010
10000011111000
10000101011110
10000111010111
10001001100000
10001011111010
10001110100101
10010001100000
10010100101010
10011000000100
10011011101101
10011111100011
10100011101000
10100111111010
10101100011000
10110001000010
10110101110111
10111010110111
11000000000000
11000101010011
11001010101110
11010000010001
11010101111010
11011011101010
11100001011110
11100111010111
11101101010011
11110011010010
11111001010011
11111111010101
00000101010111
00001011011000
00010001011000
00010111010101
00011101001110
00100011000100
00101000110101
00101110011111
00110100000100
00111001100000
00111110110101
01000100000001
01001001000011
01001101111010
01010010100111
01010111001000
01011011011100
01011111100100
01100011011110
01100111001001
01101010100111
01101101110101
01110000110011
01110011100001
01110101111111
01111000001100
01111010001000
01111011110011
01111101001100
01111110010011
01111111001001
01111111101100
01111111111101
01111111111100
01111111101001
01111111000100
01111110001100
01111101000011
01111011101000
01111001111011
01110111111101
01110101101110
01110011001111
01110000011110
01101101011110
01101010001111
01100110110000
01100011000011
01011111000111
01011010111110
01010110101000
01010010000110
01001101011000
01001000011111
01000011011100
00111110010000
00111000111010
00110011011100
00101101110111
00101000001100
00100010011011
00011100100101
00010110101011
00010000101101
00001010101101
00000100101100
11111110101010
11111000101000
11110010101000
11101100101001
11100110101101
11100000110101
11011011000001
11010101010010
11001111101001
11001010000111
11000100101101
10111111011011
10111010010011
10110101010100
10110000100000
10101011110111
10100111011011
10100011001010
10011111000111
10011011010010
10010111101011
10010100010011
10010001001010
10001110010001
10001011101000
10001001010000
10000111001001
10000101010010
10000011101101
10000010011010
10000001011001
10000000101001
10000000001100
10000000000001
10000000001000
10000000100001
10000001001101
10000010001010
10000011011001
10000100111010
10000110101101
10001000110000
10001011000101
10001101101010
10010000100000
10010011100101
10010110111010
10011010011110
10011110010000
10100010010000
10100110011101
10101010110111
10101111011101
10110100001111
10111001001011
10111110010010
11000011100001
11001000111010
11001110011010
11010100000001
11011001101111
11011111100001
11100101011001
11101011010100
11110001010011
11110111010011
11111101010100
00000011010110
00001001011000
00001111011000
00010101010110
00011011010001
00100001001000
00100110111010
00101100100111
00110010001110
00110111101101
00111101000100
01000010010011
01000111011001
01001100010100
01010001000100
01010101101001
01011010000010
01011110001101
01100010001100
01100101111100
01101001011111
01101100110010
01101111110101
01110010101001
01110101001100
01110111011111
01111001100001
01111011010001
01111100110000
01111101111110
01111110111001
01111111100010
01111111111010
01111111111111
01111111110010
01111111010010
01111110100001
01111101011110
01111100001000
01111010100010
01111000101001
01110110100000
01110100000110
01110001011011
01101110100000
01101011010110
01100111111100
01100100010011
01100000011101
01011100011000
01011000000110
01010011101000
01001110111110
01001010001001
01000101001001
01000000000000
00111010101101
00110101010010
00101111101111
00101010000110
00100100010110
00011110100010
00011000101001
00010010101101
00001100101110
00000110101101
00000000101011
11111010101001
11110100101000
11101110101000
11101000101011
11100010110010
11011100111100
11010111001011
11010001100001
11001011111100
11000110100000
11000001001011
10111011111111
10110110111101
10110010000110
10101101011001
10101000111000
10100100100100
10100000011100
10011100100010
10011000110111
10010101011001
10010010001011
10001111001101
10001100011111
10001010000001
10000111110100
10000101111000
10000100001101
10000010110100
10000001101101
10000000110111
10000000010100
10000000000011
10000000000100
10000000010111
10000000111100
10000001110100
10000010111101
10000100011000
10000110000101
10001000000011
10001010010010
10001100110001
10001111100010
10010010100010
10010101110001
10011001010000
10011100111101
10100000111001
10100101000010
10101001011000
10101101111010
10110010101000
10110111100001
10111100100100
11000001110000
11000111000110
11001100100100
11010010001001
11010111110100
11011101100101
11100011011011
11101001010101
11101111010011
11110101010011
11111011010100
00000001010110
00000111011000
00001101011000
00010011010111
00011001010011
00011111001011
00100100111111
00101010101110
00110000010111
00110101111001
00111011010011
01000000100101
01000101101101
01001010101100
01001111100000
01010100001001
01011000100101
01011100110110
01100000111001
01100100101110
01101000010101
01101011101101
01101110110110
01110001101111
01110100011000
01110110110000
01111000110111
01111010101110
01111100010011
01111101100110
01111110100111
01111111010111
01111111110100
01111111111111
01111111111000
01111111011111
01111110110011
01111101110110
01111100100111
01111011000110
01111001010011
01110111010000
01110100111011
01110010010110
01101111100000
01101100011011
01101001000110
01100101100010
01100001110000
01011101110000
01011001100011
01010101001001
01010000100011
01001011110001
01000110110101
01000001101110
00111100011111
00110111000110
00110001100110
00101011111111
00100110010001
00100000011111
00011010100111
00010100101100
00001110101101
00001000101101
00000010101100
11111100101010
11110110101000
11110000101000
11101010101010
11100100101111
11011110111000
11011001000110
11010011011001
11001101110010
11001000010011
11000010111100
10111101101101
10111000100111
10110011101100
10101110111100
10101010010111
10100101111110
10100001110011
10011101110100
10011010000100
10010110100001
10010011001110
10010000001011
10001101010111
10001010110100
10001000100001
10000110011111
10000100101111
10000011010000
10000010000010
10000001000111
10000000011110
10000000000110
10000000000001
10000000001110
10000000101110
10000001011111
10000010100010
10000011111000
10000101011110
10000111010111
10001001100000
10001011111010
10001110100101
10010001100000
10010100101010
10011000000100
10011011101101
10011111100011
10100011101000
10100111111010
10101100011000
10110001000010
10110101110111
10111010110111
11000000000000
11000101010011
11001010101110
11010000010001
11010101111010
11011011101010
11100001011110
11100111010111
11101101010011
11110011010010
11111001010011
11111111010101
00000101010111
00001011011000
00010001011000
00010111010101
00011101001110
00100011000100
00101000110101
00101110011111
00110100000100
00111001100000
00111110110101
01000100000001
01001001000011
01001101111010
01010010100111
01010111001000
01011011011100
01011111100100
01100011011110
01100111001001
01101010100111
01101101110101
01110000110011
01110011100001
01110101111111
01111000001100
01111010001000
01111011110011
01111101001100
01111110010011
01111111001001
01111111101100
01111111111101
01111111111100
01111111101001
01111111000100
01111110001100
01111101000011
01111011101000
01111001111011
01110111111101
01110101101110
01110011001111
01110000011110
01101101011110
01101010001111
01100110110000
01100011000011
01011111000111
01011010111110
01010110101000
01010010000110
01001101011000
01001000011111
01000011011100
00111110010000
00111000111010
00110011011100
00101101110111
00101000001100
00100010011011
00011100100101
00010110101011
00010000101101
00001010101101
00000100101100
11111110101010
11111000101000
11110010101000
11101100101001
11100110101101
11100000110101
11011011000001
11010101010010
11001111101001
11001010000111
11000100101101
10111111011011
10111010010011
10110101010100
10110000100000
10101011110111
10100111011011
10100011001010
10011111000111
10011011010010
10010111101011
10010100010011
10010001001010
10001110010001
10001011101000
10001001010000
10000111001001
10000101010010
10000011101101
10000010011010
10000001011001
10000000101001
10000000001100
10000000000001
10000000001000
10000000100001
10000001001101
10000010001010
10000011011001
10000100111010
10000110101101
10001000110000
10001011000101
10001101101010
10010000100000
10010011100101
10010110111010
10011010011110
10011110010000
10100010010000
10100110011101
10101010110111
10101111011101
10110100001111
10111001001011
10111110010010
11000011100001
11001000111010
11001110011010
11010100000001
11011001101111
11011111100001
11100101011001
11101011010100
11110001010011
11110111010011
11111101010100
00000011010110
00001001011000
00001111011000
00010101010110
00011011010001
00100001001000
00100110111010
00101100100111
00110010001110
00110111101101
00111101000100
01000010010011
01000111011001
01001100010100
01010001000100
01010101101001
01011010000010
01011110001101
01100010001100
01100101111100
01101001011111
01101100110010
01101111110101
01110010101001
01110101001100
01110111011111
01111001100001
01111011010001
01111100110000
01111101111110
01111110111001
01111111100010
01111111111010
01111111111111
01111111110010
01111111010010
01111110100001
01111101011110
01111100001000
01111010100010
01111000101001
01110110100000
01110100000110
01110001011011
01101110100000
01101011010110
01100111111100
01100100010011
01100000011101
01011100011000
01011000000110
01010011101000
01001110111110
01001010001001
01000101001001
01000000000000
00111010101101
00110101010010
00101111101111
00101010000110
00100100010110
00011110100010
00011000101001
00010010101101
00001100101110
00000110101101
00000000101011
11111010101001
11110100101000
11101110101000
11101000101011
11100010110010
11011100111100
11010111001011
11010001100001
11001011111100
11000110100000
11000001001011
10111011111111
10110110111101
10110010000110
10101101011001
10101000111000
10100100100100
10100000011100
10011100100010
10011000110111
10010101011001
10010010001011
10001111001101
10001100011111
10001010000001
10000111110100
10000101111000
10000100001101
10000010110100
10000001101101
10000000110111
10000000010100
10000000000011
10000000000100
10000000010111
10000000111100
10000001110100
10000010111101
10000100011000
10000110000101
10001000000011
10001010010010
10001100110001
10001111100010
10010010100010
10010101110001
10011001010000
10011100111101
10100000111001
10100101000010
10101001011000
10101101111010
10110010101000
10110111100001
10111100100100
11000001110000
11000111000110
11001100100100
11010010001001
11010111110100
11011101100101
11100011011011
11101001010101
11101111010011
11110101010011
11111011010100
00000001010110
00000111011000
00001101011000
00010011010111
00011001010011
00011111001011
00100100111111
00101010101110
00110000010111
00110101111001
00111011010011
01000000100101
01000101101101
01001010101100
01001111100000
01010100001001
01011000100101
01011100110110
01100000111001
01100100101110
01101000010101
01101011101101
01101110110110
01110001101111
01110100011000
01110110110000
01111000110111
01111010101110
01111100010011
01111101100110
01111110100111
01111111010111
01111111110100
01111111111111
01111111111000
01111111011111
01111110110011
01111101110110
01111100100111
01111011000110
01111001010011
01110111010000
01110100111011
01110010010110
01101111100000
01101100011011
01101001000110
01100101100010
01100001110000
01011101110000
01011001100011
01010101001001
01010000100011
01001011110001
01000110110101
01000001101110
00111100011111
00110111000110
00110001100110
00101011111111
00100110010001
00100000011111
00011010100111
00010100101100
00001110101101
00001000101101
00000010101100
11111100101010
11110110101000
11110000101000
11101010101010
11100100101111
11011110111000
11011001000110
11010011011001
11001101110010
11001000010011
11000010111100
10111101101101
10111000100111
10110011101100
10101110111100
10101010010111
10100101111110
10100001110011
10011101110100
10011010000100
10010110100001
10010011001110
10010000001011
10001101010111
10001010110100
10001000100001
10000110011111
10000100101111
10000011010000
10000010000010
10000001000111
10000000011110
10000000000110
10000000000001
10000000001110
10000000101110
10000001011111
10000010100010
10000011111000
10000101011110
10000111010111
10001001100000
10001011111010
10001110100101
10010001100000
10010100101010
10011000000100
10011011101101
10011111100011
10100011101000
10100111111010
10101100011000
10110001000010
10110101110111
10111010110111
11000000000000
11000101010011
11001010101110
11010000010001
11010101111010
11011011101010
11100001011110
11100111010111
11101101010011
11110011010010
11111001010011
11111111010101
00000101010111
00001011011000
00010001011000
00010111010101
00011101001110
00100011000100
00101000110101
00101110011111
00110100000100
00111001100000
00111110110101
01000100000001
01001001000011
01001101111010
01010010100111
01010111001000
01011011011100
01011111100100
01100011011110
01100111001001
01101010100111
01101101110101
01110000110011
01110011100001
01110101111111
01111000001100
01111010001000
01111011110011
01111101001100
01111110010011
01111111001001
01111111101100
01111111111101
01111111111100
01111111101001
01111111000100
01111110001100
01111101000011
01111011101000
01111001111011
01110111111101
01110101101110
01110011001111
01110000011110
01101101011110
01101010001111
01100110110000
01100011000011
01011111000111
01011010111110
01010110101000
01010010000110
01001101011000
01001000011111
01000011011100
00111110010000
00111000111010
00110011011100
00101101110111
00101000001100
00100010011011
00011100100101
00010110101011
00010000101101
00001010101101
00000100101100
11111110101010
11111000101000
11110010101000
11101100101001
11100110101101
11100000110101
11011011000001
11010101010010
11001111101001
11001010000111
11000100101101
10111111011011
10111010010011
10110101010100
10110000100000
10101011110111
10100111011011
10100011001010
10011111000111
10011011010010
10010111101011
10010100010011
10010001001010
10001110010001
10001011101000
10001001010000
10000111001001
10000101010010
10000011101101
10000010011010
10000001011001
10000000101001
10000000001100
10000000000001
10000000001000
10000000100001
10000001001101
10000010001010
10000011011001
10000100111010
10000110101101
10001000110000
10001011000101
10001101101010
10010000100000
10010011100101
10010110111010
10011010011110
10011110010000
10100010010000
10100110011101
10101010110111
10101111011101
10110100001111
10111001001011
10111110010010
11000011100001
11001000111010
11001110011010
11010100000001
11011001101111
11011111100001
11100101011001
11101011010100
11110001010011
11110111010011
11111101010100
00000011010110
00001001011000
00001111011000
00010101010110
00011011010001
00100001001000
00100110111010
00101100100111
00110010001110
00110111101101
00111101000100
01000010010011
01000111011001
01001100010100
01010001000100
01010101101001
01011010000010
01011110001101
01100010001100
01100101111100
01101001011111
01101100110010
01101111110101
01110010101001
01110101001100
01110111011111
01111001100001
01111011010001
01111100110000
01111101111110
01111110111001
01111111100010
01111111111010
01111111111111
01111111110010
01111111010010
01111110100001
01111101011110
01111100001000
01111010100010
01111000101001
01110110100000
01110100000110
01110001011011
01101110100000
01101011010110
01100111111100
01100100010011
01100000011101
01011100011000
01011000000110
01010011101000
01001110111110
01001010001001
01000101001001
01000000000000
00111010101101
00110101010010
00101111101111
00101010000110
00100100010110
00011110100010
00011000101001
00010010101101
00001100101110
00000110101101
00000000101011
11111010101001
11110100101000
11101110101000
11101000101011
11100010110010
11011100111100
11010111001011
11010001100001
11001011111100
11000110100000
11000001001011
10111011111111
10110110111101
10110010000110
10101101011001
10101000111000
10100100100100
10100000011100
10011100100010
10011000110111
10010101011001
10010010001011
10001111001101
10001100011111
10001010000001
10000111110100
10000101111000
10000100001101
10000010110100
10000001101101
10000000110111
10000000010100
10000000000011
10000000000100
10000000010111
10000000111100
10000001110100
10000010111101
10000100011000
10000110000101
10001000000011
10001010010010
10001100110001
10001111100010
10010010100010
10010101110001
10011001010000
10011100111101
10100000111001
10100101000010
10101001011000
10101101111010
10110010101000
10110111100001
10111100100100
11000001110000
11000111000110
11001100100100
11010010001001
11010111110100
11011101100101
11100011011011
11101001010101
11101111010011
11110101010011
11111011010100
00000001010110
00000111011000
00001101011000
00010011010111
00011001010011
00011111001011
00100100111111
00101010101110
00110000010111
00110101111001
00111011010011
01000000100101
01000101101101
01001010101100
01001111100000
01010100001001
01011000100101
01011100110110
01100000111001
01100100101110
01101000010101
01101011101101
01101110110110
01110001101111
01110100011000
01110110110000
01111000110111
01111010101110
01111100010011
01111101100110
01111110100111
01111111010111
01111111110100
01111111111111
01111111111000
01111111011111
01111110110011
01111101110110
01111100100111
01111011000110
01111001010011
01110111010000
01110100111011
01110010010110
01101111100000
01101100011011
01101001000110
01100101100010
01100001110000
01011101110000
01011001100011
01010101001001
01010000100011
01001011110001
01000110110101
01000001101110
00111100011111
00110111000110
00110001100110
00101011111111
00100110010001
00100000011111
00011010100111
00010100101100
00001110101101
00001000101101
00000010101100
11111100101010
11110110101000
11110000101000
11101010101010
11100100101111
11011110111000
11011001000110
11010011011001
11001101110010
11001000010011
11000010111100
10111101101101
10111000100111
10110011101100
10101110111100
10101010010111
10100101111110
10100001110011
10011101110100
10011010000100
10010110100001
10010011001110
10010000001011
10001101010111
10001010110100
10001000100001
10000110011111
10000100101111
10000011010000
10000010000010
10000001000111
10000000011110
10000000000110
10000000000001
10000000001110
10000000101110
10000001011111
10000010100010
10000011111000
10000101011110
10000111010111
10001001100000
10001011111010
10001110100101
10010001100000
10010100101010
10011000000100
10011011101101
10011111100011
10100011101000
10100111111010
10101100011000
10110001000010
10110101110111
10111010110111
11000000000000
11000101010011
11001010101110
11010000010001
11010101111010
11011011101010
11100001011110
11100111010111
11101101010011
11110011010010
11111001010011
11111111010101
00000101010111
00001011011000
00010001011000
00010111010101
00011101001110
00100011000100
00101000110101
00101110011111
00110100000100
00111001100000
00111110110101
01000100000001
01001001000011
01001101111010
01010010100111
01010111001000
01011011011100
01011111100100
01100011011110
01100111001001
01101010100111
01101101110101
01110000110011
01110011100001
01110101111111
01111000001100
01111010001000
01111011110011
01111101001100
01111110010011
01111111001001
01111111101100
01111111111101
01111111111100
01111111101001
01111111000100
01111110001100
01111101000011
01111011101000
01111001111011
01110111111101
01110101101110
01110011001111
01110000011110
01101101011110
01101010001111
01100110110000
01100011000011
01011111000111
01011010111110
01010110101000
01010010000110
01001101011000
01001000011111
01000011011100
00111110010000
00111000111010
00110011011100
00101101110111
00101000001100
00100010011011
00011100100101
00010110101011
00010000101101
00001010101101
00000100101100
11111110101010
11111000101000
11110010101000
11101100101001
11100110101101
11100000110101
11011011000001
11010101010010
11001111101001
11001010000111
11000100101101
10111111011011
10111010010011
10110101010100
10110000100000
10101011110111
10100111011011
10100011001010
10011111000111
10011011010010
10010111101011
10010100010011
10010001001010
10001110010001
10001011101000
10001001010000
10000111001001
10000101010010
10000011101101
10000010011010
10000001011001
10000000101001
10000000001100
10000000000001
10000000001000
10000000100001
10000001001101
10000010001010
10000011011001
10000100111010
10000110101101
10001000110000
10001011000101
10001101101010
10010000100000
10010011100101
10010110111010
10011010011110
10011110010000
10100010010000
10100110011101
10101010110111
10101111011101
10110100001111
10111001001011
10111110010010
11000011100001
11001000111010
11001110011010
11010100000001
11011001101111
11011111100001
11100101011001
11101011010100
11110001010011
11110111010011
11111101010100
00000011010110
00001001011000
00001111011000
00010101010110
00011011010001
00100001001000
00100110111010
00101100100111
00110010001110
00110111101101
00111101000100
01000010010011
01000111011001
01001100010100
01010001000100
01010101101001
01011010000010
01011110001101
01100010001100
01100101111100
01101001011111
01101100110010
01101111110101
01110010101001
01110101001100
01110111011111
01111001100001
01111011010001
01111100110000
01111101111110
01111110111001
01111111100010
01111111111010
01111111111111
01111111110010
01111111010010
01111110100001
01111101011110
01111100001000
01111010100010
01111000101001
01110110100000
01110100000110
01110001011011
01101110100000
01101011010110
01100111111100
01100100010011
01100000011101
01011100011000
01011000000110
01010011101000
01001110111110
01001010001001
01000101001001
01000000000000
00111010101101
00110101010010
00101111101111
00101010000110
00100100010110
00011110100010
00011000101001
00010010101101
00001100101110
00000110101101
00000000101011
11111010101001
11110100101000
11101110101000
11101000101011
11100010110010
11011100111100
11010111001011
11010001100001
11001011111100
11000110100000
11000001001011
10111011111111
10110110111101
10110010000110
10101101011001
10101000111000
10100100100100
10100000011100
10011100100010
10011000110111
10010101011001
10010010001011
10001111001101
10001100011111
10001010000001
10000111110100
10000101111000
10000100001101
10000010110100
10000001101101
10000000110111
10000000010100
10000000000011
10000000000100
10000000010111
10000000111100
10000001110100
10000010111101
10000100011000
10000110000101
10001000000011
10001010010010
10001100110001
10001111100010
10010010100010
10010101110001
10011001010000
10011100111101
10100000111001
10100101000010
10101001011000
10101101111010
10110010101000
10110111100001
10111100100100
11000001110000
11000111000110
11001100100100
11010010001001
11010111110100
11011101100101
11100011011011
11101001010101
11101111010011
11110101010011
11111011010100
00000001010110
00000111011000
00001101011000
00010011010111
00011001010011
00011111001011
00100100111111
00101010101110
00110000010111
00110101111001
00111011010011
01000000100101
01000101101101
01001010101100
01001111100000
01010100001001
01011000100101
01011100110110
01100000111001
01100100101110
01101000010101
01101011101101
01101110110110
01110001101111
01110100011000
01110110110000
01111000110111
01111010101110
01111100010011
01111101100110
01111110100111
01111111010111
01111111110100
01111111111111
01111111111000
01111111011111
01111110110011
01111101110110
01111100100111
01111011000110
01111001010011
01110111010000
01110100111011
01110010010110
01101111100000
01101100011011
01101001000110
01100101100010
01100001110000
01011101110000
01011001100011
01010101001001
01010000100011
01001011110001
01000110110101
01000001101110
00111100011111
00110111000110
00110001100110
00101011111111
00100110010001
00100000011111
00011010100111
00010100101100
00001110101101
00001000101101
00000010101100
11111100101010
11110110101000
11110000101000
11101010101010
11100100101111
11011110111000
11011001000110
11010011011001
11001101110010
11001000010011
11000010111100
10111101101101
10111000100111
10110011101100
10101110111100
10101010010111
10100101111110
10100001110011
10011101110100
10011010000100
10010110100001
10010011001110
10010000001011
10001101010111
10001010110100
10001000100001
10000110011111
10000100101111
10000011010000
10000010000010
10000001000111
10000000011110
10000000000110
10000000000001
10000000001110
10000000101110
10000001011111
10000010100010
10000011111000
10000101011110
10000111010111
10001001100000
10001011111010
10001110100101
10010001100000
10010100101010
10011000000100
10011011101101
10011111100011
10100011101000
10100111111010
10101100011000
10110001000010
10110101110111
10111010110111
11000000000000
11000101010011
11001010101110
11010000010001
11010101111010
11011011101010
11100001011110
11100111010111
11101101010011
11110011010010
11111001010011
11111111010101
00000101010111
00001011011000
00010001011000
00010111010101
00011101001110
00100011000100
00101000110101
00101110011111
00110100000100
00111001100000
00111110110101
01000100000001
01001001000011
01001101111010
01010010100111
01010111001000
01011011011100
01011111100100
01100011011110
01100111001001
01101010100111
01101101110101
01110000110011
01110011100001
01110101111111
01111000001100
01111010001000
01111011110011
01111101001100
01111110010011
01111111001001
01111111101100
01111111111101
01111111111100
01111111101001
01111111000100
01111110001100
01111101000011
01111011101000
01111001111011
01110111111101
01110101101110
01110011001111
01110000011110
01101101011110
01101010001111
01100110110000
01100011000011
01011111000111
01011010111110
01010110101000
01010010000110
01001101011000
01001000011111
01000011011100
00111110010000
00111000111010
00110011011100
00101101110111
00101000001100
00100010011011
00011100100101
00010110101011
00010000101101
00001010101101
00000100101100
11111110101010
11111000101000
11110010101000
11101100101001
11100110101101
11100000110101
11011011000001
11010101010010
11001111101001
11001010000111
11000100101101
10111111011011
10111010010011
10110101010100
10110000100000
10101011110111
10100111011011
10100011001010
10011111000111
10011011010010
10010111101011
10010100010011
10010001001010
10001110010001
10001011101000
10001001010000
10000111001001
10000101010010
10000011101101
10000010011010
10000001011001
10000000101001
10000000001100
10000000000001
10000000001000
10000000100001
10000001001101
10000010001010
10000011011001
10000100111010
10000110101101
10001000110000
10001011000101
10001101101010
10010000100000
10010011100101
10010110111010
10011010011110
10011110010000
10100010010000
10100110011101
10101010110111
10101111011101
10110100001111
10111001001011
10111110010010
11000011100001
11001000111010
11001110011010
11010100000001
11011001101111
11011111100001
11100101011001
11101011010100
11110001010011
11110111010011
11111101010100
00000011010110
00001001011000
00001111011000
00010101010110
00011011010001
00100001001000
00100110111010
00101100100111
00110010001110
00110111101101
00111101000100
01000010010011
01000111011001
01001100010100
01010001000100
01010101101001
01011010000010
01011110001101
01100010001100
01100101111100
01101001011111
01101100110010
01101111110101
01110010101001
01110101001100
01110111011111
01111001100001
01111011010001
01111100110000
01111101111110
01111110111001
01111111100010
01111111111010
01111111111111
01111111110010
01111111010010
01111110100001
01111101011110
01111100001000
01111010100010
01111000101001
01110110100000
01110100000110
01110001011011
01101110100000
01101011010110
01100111111100
01100100010011
01100000011101
01011100011000
01011000000110
01010011101000
01001110111110
01001010001001
01000101001001
01000000000000
00111010101101
00110101010010
00101111101111
00101010000110
00100100010110
00011110100010
00011000101001
00010010101101
00001100101110
00000110101101
00000000101011
11111010101001
11110100101000
11101110101000
11101000101011
11100010110010
11011100111100
11010111001011
11010001100001
11001011111100
11000110100000
11000001001011
10111011111111
10110110111101
10110010000110
10101101011001
10101000111000
10100100100100
10100000011100
10011100100010
10011000110111
10010101011001
10010010001011
10001111001101
10001100011111
10001010000001
10000111110100
10000101111000
10000100001101
10000010110100
10000001101101
10000000110111
10000000010100
10000000000011
10000000000100
10000000010111
10000000111100
10000001110100
10000010111101
10000100011000
10000110000101
10001000000011
10001010010010
10001100110001
10001111100010
10010010100010
10010101110001
10011001010000
10011100111101
10100000111001
10100101000010
10101001011000
10101101111010
10110010101000
10110111100001
10111100100100
11000001110000
11000111000110
11001100100100
11010010001001
11010111110100
11011101100101
11100011011011
11101001010101
11101111010011
11110101010011
11111011010100
00000001010110
00000111011000
00001101011000
00010011010111
00011001010011
00011111001011
00100100111111
00101010101110
00110000010111
00110101111001
00111011010011
01000000100101
01000101101101
01001010101100
01001111100000
01010100001001
01011000100101
01011100110110
01100000111001
01100100101110
01101000010101
01101011101101
01101110110110
01110001101111
01110100011000
01110110110000
01111000110111
01111010101110
01111100010011
01111101100110
01111110100111
01111111010111
01111111110100
01111111111111
01111111111000
01111111011111
01111110110011
01111101110110
01111100100111
01111011000110
01111001010011
01110111010000
01110100111011
01110010010110
01101111100000
01101100011011
01101001000110
01100101100010
01100001110000
01011101110000
01011001100011
01010101001001
01010000100011
01001011110001
01000110110101
01000001101110
00111100011111
00110111000110
00110001100110
00101011111111
00100110010001
00100000011111
00011010100111
00010100101100
00001110101101
00001000101101
00000010101100
11111100101010
11110110101000
11110000101000
11101010101010
11100100101111
11011110111000
11011001000110
11010011011001
11001101110010
11001000010011
11000010111100
10111101101101
10111000100111
10110011101100
10101110111100
10101010010111
10100101111110
10100001110011
10011101110100
10011010000100
10010110100001
10010011001110
10010000001011
10001101010111
10001010110100
10001000100001
10000110011111
10000100101111
10000011010000
10000010000010
10000001000111
10000000011110
10000000000110
10000000000001
10000000001110
10000000101110
10000001011111
10000010100010
10000011111000
10000101011110
10000111010111
10001001100000
10001011111010
10001110100101
10010001100000
10010100101010
10011000000100
10011011101101
10011111100011
10100011101000
10100111111010
10101100011000
10110001000010
10110101110111
10111010110111
11000000000000
11000101010011
11001010101110
11010000010001
11010101111010
11011011101010
11100001011110
11100111010111
11101101010011
11110011010010
11111001010011
11111111010101
00000101010111
00001011011000
00010001011000
00010111010101
00011101001110
00100011000100
00101000110101
00101110011111
00110100000100
00111001100000
00111110110101
01000100000001
01001001000011
01001101111010
01010010100111
01010111001000
01011011011100
01011111100100
01100011011110
01100111001001
01101010100111
01101101110101
01110000110011
01110011100001
01110101111111
01111000001100
01111010001000
01111011110011
01111101001100
01111110010011
01111111001001
01111111101100
01111111111101
01111111111100
01111111101001
01111111000100
01111110001100
01111101000011
01111011101000
01111001111011
01110111111101
01110101101110
01110011001111
01110000011110
01101101011110
01101010001111
01100110110000
01100011000011
01011111000111
01011010111110
01010110101000
01010010000110
01001101011000
01001000011111
01000011011100
00111110010000
00111000111010
00110011011100
00101101110111
00101000001100
00100010011011
00011100100101
00010110101011
00010000101101
00001010101101
00000100101100
11111110101010
11111000101000
11110010101000
11101100101001
11100110101101
11100000110101
11011011000001
11010101010010
11001111101001
11001010000111
11000100101101
10111111011011
10111010010011
10110101010100
10110000100000
10101011110111
10100111011011
10100011001010
10011111000111
10011011010010
10010111101011
10010100010011
10010001001010
10001110010001
10001011101000
10001001010000
10000111001001
10000101010010
10000011101101
10000010011010
10000001011001
10000000101001
10000000001100
10000000000001
10000000001000
10000000100001
10000001001101
10000010001010
10000011011001
10000100111010
10000110101101
10001000110000
10001011000101
10001101101010
10010000100000
10010011100101
10010110111010
10011010011110
10011110010000
10100010010000
10100110011101
10101010110111
10101111011101
10110100001111
10111001001011
10111110010010
11000011100001
11001000111010
11001110011010
11010100000001
11011001101111
11011111100001
11100101011001
11101011010100
11110001010011
11110111010011
11111101010100
00000011010110
00001001011000
00001111011000
00010101010110
00011011010001
00100001001000
00100110111010
00101100100111
00110010001110
00110111101101
00111101000100
01000010010011
01000111011001
01001100010100
01010001000100
01010101101001
01011010000010
01011110001101
01100010001100
01100101111100
01101001011111
01101100110010
01101111110101
01110010101001
01110101001100
01110111011111
01111001100001
01111011010001
01111100110000
01111101111110
01111110111001
01111111100010
01111111111010
01111111111111
01111111110010
01111111010010
01111110100001
01111101011110
01111100001000
01111010100010
01111000101001
01110110100000
01110100000110
01110001011011
01101110100000
01101011010110
01100111111100
01100100010011
01100000011101
01011100011000
01011000000110
01010011101000
01001110111110
01001010001001
01000101001001
01000000000000
00111010101101
00110101010010
00101111101111
00101010000110
00100100010110
00011110100010
00011000101001
00010010101101
00001100101110
00000110101101
00000000101011
11111010101001
11110100101000
11101110101000
11101000101011
11100010110010
11011100111100
11010111001011
11010001100001
11001011111100
11000110100000
11000001001011
10111011111111
10110110111101
10110010000110
10101101011001
10101000111000
10100100100100
10100000011100
10011100100010
10011000110111
10010101011001
10010010001011
10001111001101
10001100011111
10001010000001
10000111110100
10000101111000
10000100001101
10000010110100
10000001101101
10000000110111
10000000010100
10000000000011
10000000000100
10000000010111
10000000111100
10000001110100
10000010111101
10000100011000
10000110000101
10001000000011
10001010010010
10001100110001
10001111100010
10010010100010
10010101110001
10011001010000
10011100111101
10100000111001
10100101000010
10101001011000
10101101111010
10110010101000
10110111100001
10111100100100
11000001110000
11000111000110
11001100100100
11010010001001
11010111110100
11011101100101
11100011011011
11101001010101
11101111010011
11110101010011
11111011010100
00000001010110
00000111011000
00001101011000
00010011010111
00011001010011
00011111001011
00100100111111
00101010101110
00110000010111
00110101111001
00111011010011
01000000100101
01000101101101
01001010101100
01001111100000
01010100001001
01011000100101
01011100110110
01100000111001
01100100101110
01101000010101
01101011101101
