00000000000000
00001010000011
00010100000001
00011101111000
00100111100011
00110000111111
00111010000111
01000010111000
01001011001111
01010011001000
01011010100000
01100001010100
01100111100011
01101101001000
01110010000010
01110110001111
01111001101110
01111100011101
01111110011010
01111111100110
01111111111111
01111111100110
01111110011010
01111100011101
01111001101110
01110110001111
01110010000010
01101101001000
01100111100011
01100001010100
01011010100000
01010011001000
01001011001111
01000010111000
00111010000111
00110000111111
00100111100011
00011101111000
00010100000001
00001010000011
00000000000000
11110101111101
11101011111111
11100010001000
11011000011101
11001111000001
11000101111001
10111101001000
10110100110001
10101100111000
10100101100000
10011110101100
10011000011101
10010010111000
10001101111110
10001001110001
10000110010010
10000011100011
10000001100110
10000000011010
10000000000001
10000000011010
10000001100110
10000011100011
10000110010010
10001001110001
10001101111110
10010010111000
10011000011101
10011110101100
10100101100000
10101100111000
10110100110001
10111101001000
11000101111001
11001111000001
11011000011101
11100010001000
11101011111111
11110101111101
00000000000000
00001010000011
00010100000001
00011101111000
00100111100011
00110000111111
00111010000111
01000010111000
01001011001111
01010011001000
01011010100000
01100001010100
01100111100011
01101101001000
01110010000010
01110110001111
01111001101110
01111100011101
01111110011010
01111111100110
01111111111111
01111111100110
01111110011010
01111100011101
01111001101110
01110110001111
01110010000010
01101101001000
01100111100011
01100001010100
01011010100000
01010011001000
01001011001111
01000010111000
00111010000111
00110000111111
00100111100011
00011101111000
00010100000001
00001010000011
00000000000000
11110101111101
11101011111111
11100010001000
11011000011101
11001111000001
11000101111001
10111101001000
10110100110001
10101100111000
10100101100000
10011110101100
10011000011101
10010010111000
10001101111110
10001001110001
10000110010010
10000011100011
10000001100110
10000000011010
10000000000001
10000000011010
10000001100110
10000011100011
10000110010010
10001001110001
10001101111110
10010010111000
10011000011101
10011110101100
10100101100000
10101100111000
10110100110001
10111101001000
11000101111001
11001111000001
11011000011101
11100010001000
11101011111111
11110101111101
00000000000000
00001010000011
00010100000001
00011101111000
00100111100011
00110000111111
00111010000111
01000010111000
01001011001111
01010011001000
01011010100000
01100001010100
01100111100011
01101101001000
01110010000010
01110110001111
01111001101110
01111100011101
01111110011010
01111111100110
01111111111111
01111111100110
01111110011010
01111100011101
01111001101110
01110110001111
01110010000010
01101101001000
01100111100011
01100001010100
01011010100000
01010011001000
01001011001111
01000010111000
00111010000111
00110000111111
00100111100011
00011101111000
00010100000001
00001010000011
00000000000000
11110101111101
11101011111111
11100010001000
11011000011101
11001111000001
11000101111001
10111101001000
10110100110001
10101100111000
10100101100000
10011110101100
10011000011101
10010010111000
10001101111110
10001001110001
10000110010010
10000011100011
10000001100110
10000000011010
10000000000001
10000000011010
10000001100110
10000011100011
10000110010010
10001001110001
10001101111110
10010010111000
10011000011101
10011110101100
10100101100000
10101100111000
10110100110001
10111101001000
11000101111001
11001111000001
11011000011101
11100010001000
11101011111111
11110101111101
00000000000000
00001010000011
00010100000001
00011101111000
00100111100011
00110000111111
00111010000111
01000010111000
01001011001111
01010011001000
01011010100000
01100001010100
01100111100011
01101101001000
01110010000010
01110110001111
01111001101110
01111100011101
01111110011010
01111111100110
01111111111111
01111111100110
01111110011010
01111100011101
01111001101110
01110110001111
01110010000010
01101101001000
01100111100011
01100001010100
01011010100000
01010011001000
01001011001111
01000010111000
00111010000111
00110000111111
00100111100011
00011101111000
00010100000001
00001010000011
00000000000000
11110101111101
11101011111111
11100010001000
11011000011101
11001111000001
11000101111001
10111101001000
10110100110001
10101100111000
10100101100000
10011110101100
10011000011101
10010010111000
10001101111110
10001001110001
10000110010010
10000011100011
10000001100110
10000000011010
10000000000001
10000000011010
10000001100110
10000011100011
10000110010010
10001001110001
10001101111110
10010010111000
10011000011101
10011110101100
10100101100000
10101100111000
10110100110001
10111101001000
11000101111001
11001111000001
11011000011101
11100010001000
11101011111111
11110101111101
00000000000000
00001010000011
00010100000001
00011101111000
00100111100011
00110000111111
00111010000111
01000010111000
01001011001111
01010011001000
01011010100000
01100001010100
01100111100011
01101101001000
01110010000010
01110110001111
01111001101110
01111100011101
01111110011010
01111111100110
01111111111111
01111111100110
01111110011010
01111100011101
01111001101110
01110110001111
01110010000010
01101101001000
01100111100011
01100001010100
01011010100000
01010011001000
01001011001111
01000010111000
00111010000111
00110000111111
00100111100011
00011101111000
00010100000001
00001010000011
00000000000000
11110101111101
11101011111111
11100010001000
11011000011101
11001111000001
11000101111001
10111101001000
10110100110001
10101100111000
10100101100000
10011110101100
10011000011101
10010010111000
10001101111110
10001001110001
10000110010010
10000011100011
10000001100110
10000000011010
10000000000001
10000000011010
10000001100110
10000011100011
10000110010010
10001001110001
10001101111110
10010010111000
10011000011101
10011110101100
10100101100000
10101100111000
10110100110001
10111101001000
11000101111001
11001111000001
11011000011101
11100010001000
11101011111111
11110101111101
00000000000000
00001010000011
00010100000001
00011101111000
00100111100011
00110000111111
00111010000111
01000010111000
01001011001111
01010011001000
01011010100000
01100001010100
01100111100011
01101101001000
01110010000010
01110110001111
01111001101110
01111100011101
01111110011010
01111111100110
01111111111111
01111111100110
01111110011010
01111100011101
01111001101110
01110110001111
01110010000010
01101101001000
01100111100011
01100001010100
01011010100000
01010011001000
01001011001111
01000010111000
00111010000111
00110000111111
00100111100011
00011101111000
00010100000001
00001010000011
00000000000000
11110101111101
11101011111111
11100010001000
11011000011101
11001111000001
11000101111001
10111101001000
10110100110001
10101100111000
10100101100000
10011110101100
10011000011101
10010010111000
10001101111110
10001001110001
10000110010010
10000011100011
10000001100110
10000000011010
10000000000001
10000000011010
10000001100110
10000011100011
10000110010010
10001001110001
10001101111110
10010010111000
10011000011101
10011110101100
10100101100000
10101100111000
10110100110001
10111101001000
11000101111001
11001111000001
11011000011101
11100010001000
11101011111111
11110101111101
00000000000000
00001010000011
00010100000001
00011101111000
00100111100011
00110000111111
00111010000111
01000010111000
01001011001111
01010011001000
01011010100000
01100001010100
01100111100011
01101101001000
01110010000010
01110110001111
01111001101110
01111100011101
01111110011010
01111111100110
01111111111111
01111111100110
01111110011010
01111100011101
01111001101110
01110110001111
01110010000010
01101101001000
01100111100011
01100001010100
01011010100000
01010011001000
01001011001111
01000010111000
00111010000111
00110000111111
00100111100011
00011101111000
00010100000001
00001010000011
00000000000000
11110101111101
11101011111111
11100010001000
11011000011101
11001111000001
11000101111001
10111101001000
10110100110001
10101100111000
10100101100000
10011110101100
10011000011101
10010010111000
10001101111110
10001001110001
10000110010010
10000011100011
10000001100110
10000000011010
10000000000001
10000000011010
10000001100110
10000011100011
10000110010010
10001001110001
10001101111110
10010010111000
10011000011101
10011110101100
10100101100000
10101100111000
10110100110001
10111101001000
11000101111001
11001111000001
11011000011101
11100010001000
11101011111111
11110101111101
00000000000000
00001010000011
00010100000001
00011101111000
00100111100011
00110000111111
00111010000111
01000010111000
01001011001111
01010011001000
01011010100000
01100001010100
01100111100011
01101101001000
01110010000010
01110110001111
01111001101110
01111100011101
01111110011010
01111111100110
01111111111111
01111111100110
01111110011010
01111100011101
01111001101110
01110110001111
01110010000010
01101101001000
01100111100011
01100001010100
01011010100000
01010011001000
01001011001111
01000010111000
00111010000111
00110000111111
00100111100011
00011101111000
00010100000001
00001010000011
00000000000000
11110101111101
11101011111111
11100010001000
11011000011101
11001111000001
11000101111001
10111101001000
10110100110001
10101100111000
10100101100000
10011110101100
10011000011101
10010010111000
10001101111110
10001001110001
10000110010010
10000011100011
10000001100110
10000000011010
10000000000001
10000000011010
10000001100110
10000011100011
10000110010010
10001001110001
10001101111110
10010010111000
10011000011101
10011110101100
10100101100000
10101100111000
10110100110001
10111101001000
11000101111001
11001111000001
11011000011101
11100010001000
11101011111111
11110101111101
00000000000000
00001010000011
00010100000001
00011101111000
00100111100011
00110000111111
00111010000111
01000010111000
01001011001111
01010011001000
01011010100000
01100001010100
01100111100011
01101101001000
01110010000010
01110110001111
01111001101110
01111100011101
01111110011010
01111111100110
01111111111111
01111111100110
01111110011010
01111100011101
01111001101110
01110110001111
01110010000010
01101101001000
01100111100011
01100001010100
01011010100000
01010011001000
01001011001111
01000010111000
00111010000111
00110000111111
00100111100011
00011101111000
00010100000001
00001010000011
00000000000000
11110101111101
11101011111111
11100010001000
11011000011101
11001111000001
11000101111001
10111101001000
10110100110001
10101100111000
10100101100000
10011110101100
10011000011101
10010010111000
10001101111110
10001001110001
10000110010010
10000011100011
10000001100110
10000000011010
10000000000001
10000000011010
10000001100110
10000011100011
10000110010010
10001001110001
10001101111110
10010010111000
10011000011101
10011110101100
10100101100000
10101100111000
10110100110001
10111101001000
11000101111001
11001111000001
11011000011101
11100010001000
11101011111111
11110101111101
00000000000000
00001010000011
00010100000001
00011101111000
00100111100011
00110000111111
00111010000111
01000010111000
01001011001111
01010011001000
01011010100000
01100001010100
01100111100011
01101101001000
01110010000010
01110110001111
01111001101110
01111100011101
01111110011010
01111111100110
01111111111111
01111111100110
01111110011010
01111100011101
01111001101110
01110110001111
01110010000010
01101101001000
01100111100011
01100001010100
01011010100000
01010011001000
01001011001111
01000010111000
00111010000111
00110000111111
00100111100011
00011101111000
00010100000001
00001010000011
00000000000000
11110101111101
11101011111111
11100010001000
11011000011101
11001111000001
11000101111001
10111101001000
10110100110001
10101100111000
10100101100000
10011110101100
10011000011101
10010010111000
10001101111110
10001001110001
10000110010010
10000011100011
10000001100110
10000000011010
10000000000001
10000000011010
10000001100110
10000011100011
10000110010010
10001001110001
10001101111110
10010010111000
10011000011101
10011110101100
10100101100000
10101100111000
10110100110001
10111101001000
11000101111001
11001111000001
11011000011101
11100010001000
11101011111111
11110101111101
00000000000000
00001010000011
00010100000001
00011101111000
00100111100011
00110000111111
00111010000111
01000010111000
01001011001111
01010011001000
01011010100000
01100001010100
01100111100011
01101101001000
01110010000010
01110110001111
01111001101110
01111100011101
01111110011010
01111111100110
01111111111111
01111111100110
01111110011010
01111100011101
01111001101110
01110110001111
01110010000010
01101101001000
01100111100011
01100001010100
01011010100000
01010011001000
01001011001111
01000010111000
00111010000111
00110000111111
00100111100011
00011101111000
00010100000001
00001010000011
00000000000000
11110101111101
11101011111111
11100010001000
11011000011101
11001111000001
11000101111001
10111101001000
10110100110001
10101100111000
10100101100000
10011110101100
10011000011101
10010010111000
10001101111110
10001001110001
10000110010010
10000011100011
10000001100110
10000000011010
10000000000001
10000000011010
10000001100110
10000011100011
10000110010010
10001001110001
10001101111110
10010010111000
10011000011101
10011110101100
10100101100000
10101100111000
10110100110001
10111101001000
11000101111001
11001111000001
11011000011101
11100010001000
11101011111111
11110101111101
00000000000000
00001010000011
00010100000001
00011101111000
00100111100011
00110000111111
00111010000111
01000010111000
01001011001111
01010011001000
01011010100000
01100001010100
01100111100011
01101101001000
01110010000010
01110110001111
01111001101110
01111100011101
01111110011010
01111111100110
01111111111111
01111111100110
01111110011010
01111100011101
01111001101110
01110110001111
01110010000010
01101101001000
01100111100011
01100001010100
01011010100000
01010011001000
01001011001111
01000010111000
00111010000111
00110000111111
00100111100011
00011101111000
00010100000001
00001010000011
00000000000000
11110101111101
11101011111111
11100010001000
11011000011101
11001111000001
11000101111001
10111101001000
10110100110001
10101100111000
10100101100000
10011110101100
10011000011101
10010010111000
10001101111110
10001001110001
10000110010010
10000011100011
10000001100110
10000000011010
10000000000001
10000000011010
10000001100110
10000011100011
10000110010010
10001001110001
10001101111110
10010010111000
10011000011101
10011110101100
10100101100000
10101100111000
10110100110001
10111101001000
11000101111001
11001111000001
11011000011101
11100010001000
11101011111111
11110101111101
00000000000000
00001010000011
00010100000001
00011101111000
00100111100011
00110000111111
00111010000111
01000010111000
01001011001111
01010011001000
01011010100000
01100001010100
01100111100011
01101101001000
01110010000010
01110110001111
01111001101110
01111100011101
01111110011010
01111111100110
01111111111111
01111111100110
01111110011010
01111100011101
01111001101110
01110110001111
01110010000010
01101101001000
01100111100011
01100001010100
01011010100000
01010011001000
01001011001111
01000010111000
00111010000111
00110000111111
00100111100011
00011101111000
00010100000001
00001010000011
00000000000000
11110101111101
11101011111111
11100010001000
11011000011101
11001111000001
11000101111001
10111101001000
10110100110001
10101100111000
10100101100000
10011110101100
10011000011101
10010010111000
10001101111110
10001001110001
10000110010010
10000011100011
10000001100110
10000000011010
10000000000001
10000000011010
10000001100110
10000011100011
10000110010010
10001001110001
10001101111110
10010010111000
10011000011101
10011110101100
10100101100000
10101100111000
10110100110001
10111101001000
11000101111001
11001111000001
11011000011101
11100010001000
11101011111111
11110101111101
00000000000000
00001010000011
00010100000001
00011101111000
00100111100011
00110000111111
00111010000111
01000010111000
01001011001111
01010011001000
01011010100000
01100001010100
01100111100011
01101101001000
01110010000010
01110110001111
01111001101110
01111100011101
01111110011010
01111111100110
01111111111111
01111111100110
01111110011010
01111100011101
01111001101110
01110110001111
01110010000010
01101101001000
01100111100011
01100001010100
01011010100000
01010011001000
01001011001111
01000010111000
00111010000111
00110000111111
00100111100011
00011101111000
00010100000001
00001010000011
00000000000000
11110101111101
11101011111111
11100010001000
11011000011101
11001111000001
11000101111001
10111101001000
10110100110001
10101100111000
10100101100000
10011110101100
10011000011101
10010010111000
10001101111110
10001001110001
10000110010010
10000011100011
10000001100110
10000000011010
10000000000001
10000000011010
10000001100110
10000011100011
10000110010010
10001001110001
10001101111110
10010010111000
10011000011101
10011110101100
10100101100000
10101100111000
10110100110001
10111101001000
11000101111001
11001111000001
11011000011101
11100010001000
11101011111111
11110101111101
00000000000000
00001010000011
00010100000001
00011101111000
00100111100011
00110000111111
00111010000111
01000010111000
01001011001111
01010011001000
01011010100000
01100001010100
01100111100011
01101101001000
01110010000010
01110110001111
01111001101110
01111100011101
01111110011010
01111111100110
01111111111111
01111111100110
01111110011010
01111100011101
01111001101110
01110110001111
01110010000010
01101101001000
01100111100011
01100001010100
01011010100000
01010011001000
01001011001111
01000010111000
00111010000111
00110000111111
00100111100011
00011101111000
00010100000001
00001010000011
00000000000000
11110101111101
11101011111111
11100010001000
11011000011101
11001111000001
11000101111001
10111101001000
10110100110001
10101100111000
10100101100000
10011110101100
10011000011101
10010010111000
10001101111110
10001001110001
10000110010010
10000011100011
10000001100110
10000000011010
10000000000001
10000000011010
10000001100110
10000011100011
10000110010010
10001001110001
10001101111110
10010010111000
10011000011101
10011110101100
10100101100000
10101100111000
10110100110001
10111101001000
11000101111001
11001111000001
11011000011101
11100010001000
11101011111111
11110101111101
00000000000000
00001010000011
00010100000001
00011101111000
00100111100011
00110000111111
00111010000111
01000010111000
01001011001111
01010011001000
01011010100000
01100001010100
01100111100011
01101101001000
01110010000010
01110110001111
01111001101110
01111100011101
01111110011010
01111111100110
01111111111111
01111111100110
01111110011010
01111100011101
01111001101110
01110110001111
01110010000010
01101101001000
01100111100011
01100001010100
01011010100000
01010011001000
01001011001111
01000010111000
00111010000111
00110000111111
00100111100011
00011101111000
00010100000001
00001010000011
00000000000000
11110101111101
11101011111111
11100010001000
11011000011101
11001111000001
11000101111001
10111101001000
10110100110001
10101100111000
10100101100000
10011110101100
10011000011101
10010010111000
10001101111110
10001001110001
10000110010010
10000011100011
10000001100110
10000000011010
10000000000001
10000000011010
10000001100110
10000011100011
10000110010010
10001001110001
10001101111110
10010010111000
10011000011101
10011110101100
10100101100000
10101100111000
10110100110001
10111101001000
11000101111001
11001111000001
11011000011101
11100010001000
11101011111111
11110101111101
00000000000000
00001010000011
00010100000001
00011101111000
00100111100011
00110000111111
00111010000111
01000010111000
01001011001111
01010011001000
01011010100000
01100001010100
01100111100011
01101101001000
01110010000010
01110110001111
01111001101110
01111100011101
01111110011010
01111111100110
01111111111111
01111111100110
01111110011010
01111100011101
01111001101110
01110110001111
01110010000010
01101101001000
01100111100011
01100001010100
01011010100000
01010011001000
01001011001111
01000010111000
00111010000111
00110000111111
00100111100011
00011101111000
00010100000001
00001010000011
00000000000000
11110101111101
11101011111111
11100010001000
11011000011101
11001111000001
11000101111001
10111101001000
10110100110001
10101100111000
10100101100000
10011110101100
10011000011101
10010010111000
10001101111110
10001001110001
10000110010010
10000011100011
10000001100110
10000000011010
10000000000001
10000000011010
10000001100110
10000011100011
10000110010010
10001001110001
10001101111110
10010010111000
10011000011101
10011110101100
10100101100000
10101100111000
10110100110001
10111101001000
11000101111001
11001111000001
11011000011101
11100010001000
11101011111111
11110101111101
00000000000000
00001010000011
00010100000001
00011101111000
00100111100011
00110000111111
00111010000111
01000010111000
01001011001111
01010011001000
01011010100000
01100001010100
01100111100011
01101101001000
01110010000010
01110110001111
01111001101110
01111100011101
01111110011010
01111111100110
01111111111111
01111111100110
01111110011010
01111100011101
01111001101110
01110110001111
01110010000010
01101101001000
01100111100011
01100001010100
01011010100000
01010011001000
01001011001111
01000010111000
00111010000111
00110000111111
00100111100011
00011101111000
00010100000001
00001010000011
00000000000000
11110101111101
11101011111111
11100010001000
11011000011101
11001111000001
11000101111001
10111101001000
10110100110001
10101100111000
10100101100000
10011110101100
10011000011101
10010010111000
10001101111110
10001001110001
10000110010010
10000011100011
10000001100110
10000000011010
10000000000001
10000000011010
10000001100110
10000011100011
10000110010010
10001001110001
10001101111110
10010010111000
10011000011101
10011110101100
10100101100000
10101100111000
10110100110001
10111101001000
11000101111001
11001111000001
11011000011101
11100010001000
11101011111111
11110101111101
00000000000000
00001010000011
00010100000001
00011101111000
00100111100011
00110000111111
00111010000111
01000010111000
01001011001111
01010011001000
01011010100000
01100001010100
01100111100011
01101101001000
01110010000010
01110110001111
01111001101110
01111100011101
01111110011010
01111111100110
01111111111111
01111111100110
01111110011010
01111100011101
01111001101110
01110110001111
01110010000010
01101101001000
01100111100011
01100001010100
01011010100000
01010011001000
01001011001111
01000010111000
00111010000111
00110000111111
00100111100011
00011101111000
00010100000001
00001010000011
00000000000000
11110101111101
11101011111111
11100010001000
11011000011101
11001111000001
11000101111001
10111101001000
10110100110001
10101100111000
10100101100000
10011110101100
10011000011101
10010010111000
10001101111110
10001001110001
10000110010010
10000011100011
10000001100110
10000000011010
10000000000001
10000000011010
10000001100110
10000011100011
10000110010010
10001001110001
10001101111110
10010010111000
10011000011101
10011110101100
10100101100000
10101100111000
10110100110001
10111101001000
11000101111001
11001111000001
11011000011101
11100010001000
11101011111111
11110101111101
00000000000000
00001010000011
00010100000001
00011101111000
00100111100011
00110000111111
00111010000111
01000010111000
01001011001111
01010011001000
01011010100000
01100001010100
01100111100011
01101101001000
01110010000010
01110110001111
01111001101110
01111100011101
01111110011010
01111111100110
01111111111111
01111111100110
01111110011010
01111100011101
01111001101110
01110110001111
01110010000010
01101101001000
01100111100011
01100001010100
01011010100000
01010011001000
01001011001111
01000010111000
00111010000111
00110000111111
00100111100011
00011101111000
00010100000001
00001010000011
00000000000000
11110101111101
11101011111111
11100010001000
11011000011101
11001111000001
11000101111001
10111101001000
10110100110001
10101100111000
10100101100000
10011110101100
10011000011101
10010010111000
10001101111110
10001001110001
10000110010010
10000011100011
10000001100110
10000000011010
10000000000001
10000000011010
10000001100110
10000011100011
10000110010010
10001001110001
10001101111110
10010010111000
10011000011101
10011110101100
10100101100000
10101100111000
10110100110001
10111101001000
11000101111001
11001111000001
11011000011101
11100010001000
11101011111111
11110101111101
