10111111111011
10101111010110
10100000110001
10010100100001
10001010111011
10000100001101
10000000100011
10000000000001
10000010101001
10001000010111
10010001000001
10011100011010
10101010010000
10111010001101
11001011111000
11011110110101
11110010100111
00000110101101
00011010101001
00101101111011
01000000000101
01010000101010
01011111001111
01101011011111
01110101000101
01111011110011
01111111011101
01111111111111
01111101010111
01110111101001
01101110111111
01100011100110
01010101110000
01000101110011
00110100001000
00100001001011
00001101011001
11111001010011
11100101010111
11010010000101
10111111111011
10101111010110
10100000110001
10010100100001
10001010111011
10000100001101
10000000100011
10000000000001
10000010101001
10001000010111
10010001000001
10011100011010
10101010010000
10111010001101
11001011111000
11011110110101
11110010100111
00000110101101
00011010101001
00101101111011
01000000000101
01010000101010
01011111001111
01101011011111
01110101000101
01111011110011
01111111011101
01111111111111
01111101010111
01110111101001
01101110111111
01100011100110
01010101110000
01000101110011
00110100001000
00100001001011
00001101011001
11111001010011
11100101010111
11010010000101
10111111111011
10101111010110
10100000110001
10010100100001
10001010111011
10000100001101
10000000100011
10000000000001
10000010101001
10001000010111
10010001000001
10011100011010
10101010010000
10111010001101
11001011111000
11011110110101
11110010100111
00000110101101
00011010101001
00101101111011
01000000000101
01010000101010
01011111001111
01101011011111
01110101000101
01111011110011
01111111011101
01111111111111
01111101010111
01110111101001
01101110111111
01100011100110
01010101110000
01000101110011
00110100001000
00100001001011
00001101011001
11111001010011
11100101010111
11010010000101
10111111111011
10101111010110
10100000110001
10010100100001
10001010111011
10000100001101
10000000100011
10000000000001
10000010101001
10001000010111
10010001000001
10011100011010
10101010010000
10111010001101
11001011111000
11011110110101
11110010100111
00000110101101
00011010101001
00101101111011
01000000000101
01010000101010
01011111001111
01101011011111
01110101000101
01111011110011
01111111011101
01111111111111
01111101010111
01110111101001
01101110111111
01100011100110
01010101110000
01000101110011
00110100001000
00100001001011
00001101011001
11111001010011
11100101010111
11010010000101
10111111111011
10101111010110
10100000110001
10010100100001
10001010111011
10000100001101
10000000100011
10000000000001
10000010101001
10001000010111
10010001000001
10011100011010
10101010010000
10111010001101
11001011111000
11011110110101
11110010100111
00000110101101
00011010101001
00101101111011
01000000000101
01010000101010
01011111001111
01101011011111
01110101000101
01111011110011
01111111011101
01111111111111
01111101010111
01110111101001
01101110111111
01100011100110
01010101110000
01000101110011
00110100001000
00100001001011
00001101011001
11111001010011
11100101010111
11010010000101
10111111111011
10101111010110
10100000110001
10010100100001
10001010111011
10000100001101
10000000100011
10000000000001
10000010101001
10001000010111
10010001000001
10011100011010
10101010010000
10111010001101
11001011111000
11011110110101
11110010100111
00000110101101
00011010101001
00101101111011
01000000000101
01010000101010
01011111001111
01101011011111
01110101000101
01111011110011
01111111011101
01111111111111
01111101010111
01110111101001
01101110111111
01100011100110
01010101110000
01000101110011
00110100001000
00100001001011
00001101011001
11111001010011
11100101010111
11010010000101
10111111111011
10101111010110
10100000110001
10010100100001
10001010111011
10000100001101
10000000100011
10000000000001
10000010101001
10001000010111
10010001000001
10011100011010
10101010010000
10111010001101
11001011111000
11011110110101
11110010100111
00000110101101
00011010101001
00101101111011
01000000000101
01010000101010
01011111001111
01101011011111
01110101000101
01111011110011
01111111011101
01111111111111
01111101010111
01110111101001
01101110111111
01100011100110
01010101110000
01000101110011
00110100001000
00100001001011
00001101011001
11111001010011
11100101010111
11010010000101
10111111111011
10101111010110
10100000110001
10010100100001
10001010111011
10000100001101
10000000100011
10000000000001
10000010101001
10001000010111
10010001000001
10011100011010
10101010010000
10111010001101
11001011111000
11011110110101
11110010100111
00000110101101
00011010101001
00101101111011
01000000000101
01010000101010
01011111001111
01101011011111
01110101000101
01111011110011
01111111011101
01111111111111
01111101010111
01110111101001
01101110111111
01100011100110
01010101110000
01000101110011
00110100001000
00100001001011
00001101011001
11111001010011
11100101010111
11010010000101
10111111111011
10101111010110
10100000110001
10010100100001
10001010111011
10000100001101
10000000100011
10000000000001
10000010101001
10001000010111
10010001000001
10011100011010
10101010010000
10111010001101
11001011111000
11011110110101
11110010100111
00000110101101
00011010101001
00101101111011
01000000000101
01010000101010
01011111001111
01101011011111
01110101000101
01111011110011
01111111011101
01111111111111
01111101010111
01110111101001
01101110111111
01100011100110
01010101110000
01000101110011
00110100001000
00100001001011
00001101011001
11111001010011
11100101010111
11010010000101
10111111111011
10101111010110
10100000110001
10010100100001
10001010111011
10000100001101
10000000100011
10000000000001
10000010101001
10001000010111
10010001000001
10011100011010
10101010010000
10111010001101
11001011111000
11011110110101
11110010100111
00000110101101
00011010101001
00101101111011
01000000000101
01010000101010
01011111001111
01101011011111
01110101000101
01111011110011
01111111011101
01111111111111
01111101010111
01110111101001
01101110111111
01100011100110
01010101110000
01000101110011
00110100001000
00100001001011
00001101011001
11111001010011
11100101010111
11010010000101
10111111111011
10101111010110
10100000110001
10010100100001
10001010111011
10000100001101
10000000100011
10000000000001
10000010101001
10001000010111
10010001000001
10011100011010
10101010010000
10111010001101
11001011111000
11011110110101
11110010100111
00000110101101
00011010101001
00101101111011
01000000000101
01010000101010
01011111001111
01101011011111
01110101000101
01111011110011
01111111011101
01111111111111
01111101010111
01110111101001
01101110111111
01100011100110
01010101110000
01000101110011
00110100001000
00100001001011
00001101011001
11111001010011
11100101010111
11010010000101
10111111111011
10101111010110
10100000110001
10010100100001
10001010111011
10000100001101
10000000100011
10000000000001
10000010101001
10001000010111
10010001000001
10011100011010
10101010010000
10111010001101
11001011111000
11011110110101
11110010100111
00000110101101
00011010101001
00101101111011
01000000000101
01010000101010
01011111001111
01101011011111
01110101000101
01111011110011
01111111011101
01111111111111
01111101010111
01110111101001
01101110111111
01100011100110
01010101110000
01000101110011
00110100001000
00100001001011
00001101011001
11111001010011
11100101010111
11010010000101
10111111111011
10101111010110
10100000110001
10010100100001
10001010111011
10000100001101
10000000100011
10000000000001
10000010101001
10001000010111
10010001000001
10011100011010
10101010010000
10111010001101
11001011111000
11011110110101
11110010100111
00000110101101
00011010101001
00101101111011
01000000000101
01010000101010
01011111001111
01101011011111
01110101000101
01111011110011
01111111011101
01111111111111
01111101010111
01110111101001
01101110111111
01100011100110
01010101110000
01000101110011
00110100001000
00100001001011
00001101011001
11111001010011
11100101010111
11010010000101
10111111111011
10101111010110
10100000110001
10010100100001
10001010111011
10000100001101
10000000100011
10000000000001
10000010101001
10001000010111
10010001000001
10011100011010
10101010010000
10111010001101
11001011111000
11011110110101
11110010100111
00000110101101
00011010101001
00101101111011
01000000000101
01010000101010
01011111001111
01101011011111
01110101000101
01111011110011
01111111011101
01111111111111
01111101010111
01110111101001
01101110111111
01100011100110
01010101110000
01000101110011
00110100001000
00100001001011
00001101011001
11111001010011
11100101010111
11010010000101
10111111111011
10101111010110
10100000110001
10010100100001
10001010111011
10000100001101
10000000100011
10000000000001
10000010101001
10001000010111
10010001000001
10011100011010
10101010010000
10111010001101
11001011111000
11011110110101
11110010100111
00000110101101
00011010101001
00101101111011
01000000000101
01010000101010
01011111001111
01101011011111
01110101000101
01111011110011
01111111011101
01111111111111
01111101010111
01110111101001
01101110111111
01100011100110
01010101110000
01000101110011
00110100001000
00100001001011
00001101011001
11111001010011
11100101010111
11010010000101
10111111111011
10101111010110
10100000110001
10010100100001
10001010111011
10000100001101
10000000100011
10000000000001
10000010101001
10001000010111
10010001000001
10011100011010
10101010010000
10111010001101
11001011111000
11011110110101
11110010100111
00000110101101
00011010101001
00101101111011
01000000000101
01010000101010
01011111001111
01101011011111
01110101000101
01111011110011
01111111011101
01111111111111
01111101010111
01110111101001
01101110111111
01100011100110
01010101110000
01000101110011
00110100001000
00100001001011
00001101011001
11111001010011
11100101010111
11010010000101
10111111111011
10101111010110
10100000110001
10010100100001
10001010111011
10000100001101
10000000100011
10000000000001
10000010101001
10001000010111
10010001000001
10011100011010
10101010010000
10111010001101
11001011111000
11011110110101
11110010100111
00000110101101
00011010101001
00101101111011
01000000000101
01010000101010
01011111001111
01101011011111
01110101000101
01111011110011
01111111011101
01111111111111
01111101010111
01110111101001
01101110111111
01100011100110
01010101110000
01000101110011
00110100001000
00100001001011
00001101011001
11111001010011
11100101010111
11010010000101
10111111111011
10101111010110
10100000110001
10010100100001
10001010111011
10000100001101
10000000100011
10000000000001
10000010101001
10001000010111
10010001000001
10011100011010
10101010010000
10111010001101
11001011111000
11011110110101
11110010100111
00000110101101
00011010101001
00101101111011
01000000000101
01010000101010
01011111001111
01101011011111
01110101000101
01111011110011
01111111011101
01111111111111
01111101010111
01110111101001
01101110111111
01100011100110
01010101110000
01000101110011
00110100001000
00100001001011
00001101011001
11111001010011
11100101010111
11010010000101
10111111111011
10101111010110
10100000110001
10010100100001
10001010111011
10000100001101
10000000100011
10000000000001
10000010101001
10001000010111
10010001000001
10011100011010
10101010010000
10111010001101
11001011111000
11011110110101
11110010100111
00000110101101
00011010101001
00101101111011
01000000000101
01010000101010
01011111001111
01101011011111
01110101000101
01111011110011
01111111011101
01111111111111
01111101010111
01110111101001
01101110111111
01100011100110
01010101110000
01000101110011
00110100001000
00100001001011
00001101011001
11111001010011
11100101010111
11010010000101
10111111111011
10101111010110
10100000110001
10010100100001
10001010111011
10000100001101
10000000100011
10000000000001
10000010101001
10001000010111
10010001000001
10011100011010
10101010010000
10111010001101
11001011111000
11011110110101
11110010100111
00000110101101
00011010101001
00101101111011
01000000000101
01010000101010
01011111001111
01101011011111
01110101000101
01111011110011
01111111011101
01111111111111
01111101010111
01110111101001
01101110111111
01100011100110
01010101110000
01000101110011
00110100001000
00100001001011
00001101011001
11111001010011
11100101010111
11010010000101
10111111111011
10101111010110
10100000110001
10010100100001
10001010111011
10000100001101
10000000100011
10000000000001
10000010101001
10001000010111
10010001000001
10011100011010
10101010010000
10111010001101
11001011111000
11011110110101
11110010100111
00000110101101
00011010101001
00101101111011
01000000000101
01010000101010
01011111001111
01101011011111
01110101000101
01111011110011
01111111011101
01111111111111
01111101010111
01110111101001
01101110111111
01100011100110
01010101110000
01000101110011
00110100001000
00100001001011
00001101011001
11111001010011
11100101010111
11010010000101
10111111111011
10101111010110
10100000110001
10010100100001
10001010111011
10000100001101
10000000100011
10000000000001
10000010101001
10001000010111
10010001000001
10011100011010
10101010010000
10111010001101
11001011111000
11011110110101
11110010100111
00000110101101
00011010101001
00101101111011
01000000000101
01010000101010
01011111001111
01101011011111
01110101000101
01111011110011
01111111011101
01111111111111
01111101010111
01110111101001
01101110111111
01100011100110
01010101110000
01000101110011
00110100001000
00100001001011
00001101011001
11111001010011
11100101010111
11010010000101
10111111111011
10101111010110
10100000110001
10010100100001
10001010111011
10000100001101
10000000100011
10000000000001
10000010101001
10001000010111
10010001000001
10011100011010
10101010010000
10111010001101
11001011111000
11011110110101
11110010100111
00000110101101
00011010101001
00101101111011
01000000000101
01010000101010
01011111001111
01101011011111
01110101000101
01111011110011
01111111011101
01111111111111
01111101010111
01110111101001
01101110111111
01100011100110
01010101110000
01000101110011
00110100001000
00100001001011
00001101011001
11111001010011
11100101010111
11010010000101
10111111111011
10101111010110
10100000110001
10010100100001
10001010111011
10000100001101
10000000100011
10000000000001
10000010101001
10001000010111
10010001000001
10011100011010
10101010010000
10111010001101
11001011111000
11011110110101
11110010100111
00000110101101
00011010101001
00101101111011
01000000000101
01010000101010
01011111001111
01101011011111
01110101000101
01111011110011
01111111011101
01111111111111
01111101010111
01110111101001
01101110111111
01100011100110
01010101110000
01000101110011
00110100001000
00100001001011
00001101011001
11111001010011
11100101010111
11010010000101
10111111111011
10101111010110
10100000110001
10010100100001
10001010111011
10000100001101
10000000100011
10000000000001
10000010101001
10001000010111
10010001000001
10011100011010
10101010010000
10111010001101
11001011111000
11011110110101
11110010100111
00000110101101
00011010101001
00101101111011
01000000000101
01010000101010
01011111001111
01101011011111
01110101000101
01111011110011
01111111011101
01111111111111
01111101010111
01110111101001
01101110111111
01100011100110
01010101110000
01000101110011
00110100001000
00100001001011
00001101011001
11111001010011
11100101010111
11010010000101
10111111111011
10101111010110
10100000110001
10010100100001
10001010111011
10000100001101
10000000100011
10000000000001
10000010101001
10001000010111
10010001000001
10011100011010
10101010010000
10111010001101
11001011111000
11011110110101
11110010100111
00000110101101
00011010101001
00101101111011
01000000000101
01010000101010
01011111001111
01101011011111
01110101000101
01111011110011
01111111011101
01111111111111
01111101010111
01110111101001
01101110111111
01100011100110
01010101110000
01000101110011
00110100001000
00100001001011
00001101011001
11111001010011
11100101010111
11010010000101
10111111111011
10101111010110
10100000110001
10010100100001
10001010111011
10000100001101
10000000100011
10000000000001
10000010101001
10001000010111
10010001000001
10011100011010
10101010010000
10111010001101
11001011111000
11011110110101
11110010100111
00000110101101
00011010101001
00101101111011
01000000000101
01010000101010
01011111001111
01101011011111
01110101000101
01111011110011
01111111011101
01111111111111
01111101010111
01110111101001
01101110111111
01100011100110
01010101110000
01000101110011
00110100001000
00100001001011
00001101011001
11111001010011
11100101010111
11010010000101
10111111111011
10101111010110
10100000110001
10010100100001
10001010111011
10000100001101
10000000100011
10000000000001
10000010101001
10001000010111
10010001000001
10011100011010
10101010010000
10111010001101
11001011111000
11011110110101
11110010100111
00000110101101
00011010101001
00101101111011
01000000000101
01010000101010
01011111001111
01101011011111
01110101000101
01111011110011
01111111011101
01111111111111
01111101010111
01110111101001
01101110111111
01100011100110
01010101110000
01000101110011
00110100001000
00100001001011
00001101011001
11111001010011
11100101010111
11010010000101
10111111111011
10101111010110
10100000110001
10010100100001
10001010111011
10000100001101
10000000100011
10000000000001
10000010101001
10001000010111
10010001000001
10011100011010
10101010010000
10111010001101
11001011111000
11011110110101
11110010100111
00000110101101
00011010101001
00101101111011
01000000000101
01010000101010
01011111001111
01101011011111
01110101000101
01111011110011
01111111011101
01111111111111
01111101010111
01110111101001
01101110111111
01100011100110
01010101110000
01000101110011
00110100001000
00100001001011
00001101011001
11111001010011
11100101010111
11010010000101
10111111111011
10101111010110
10100000110001
10010100100001
10001010111011
10000100001101
10000000100011
10000000000001
10000010101001
10001000010111
10010001000001
10011100011010
10101010010000
10111010001101
11001011111000
11011110110101
11110010100111
00000110101101
00011010101001
00101101111011
01000000000101
01010000101010
01011111001111
01101011011111
01110101000101
01111011110011
01111111011101
01111111111111
01111101010111
01110111101001
01101110111111
01100011100110
01010101110000
01000101110011
00110100001000
00100001001011
00001101011001
11111001010011
11100101010111
11010010000101
10111111111011
10101111010110
10100000110001
10010100100001
10001010111011
10000100001101
10000000100011
10000000000001
10000010101001
10001000010111
10010001000001
10011100011010
10101010010000
10111010001101
11001011111000
11011110110101
11110010100111
00000110101101
00011010101001
00101101111011
01000000000101
01010000101010
01011111001111
01101011011111
01110101000101
01111011110011
01111111011101
01111111111111
01111101010111
01110111101001
01101110111111
01100011100110
01010101110000
01000101110011
00110100001000
00100001001011
00001101011001
11111001010011
11100101010111
11010010000101
10111111111011
10101111010110
10100000110001
10010100100001
10001010111011
10000100001101
10000000100011
10000000000001
10000010101001
10001000010111
10010001000001
10011100011010
10101010010000
10111010001101
11001011111000
11011110110101
11110010100111
00000110101101
00011010101001
00101101111011
01000000000101
01010000101010
01011111001111
01101011011111
01110101000101
01111011110011
01111111011101
01111111111111
01111101010111
01110111101001
01101110111111
01100011100110
01010101110000
01000101110011
00110100001000
00100001001011
00001101011001
11111001010011
11100101010111
11010010000101
10111111111011
10101111010110
10100000110001
10010100100001
10001010111011
10000100001101
10000000100011
10000000000001
10000010101001
10001000010111
10010001000001
10011100011010
10101010010000
10111010001101
11001011111000
11011110110101
11110010100111
00000110101101
00011010101001
00101101111011
01000000000101
01010000101010
01011111001111
01101011011111
01110101000101
01111011110011
01111111011101
01111111111111
01111101010111
01110111101001
01101110111111
01100011100110
01010101110000
01000101110011
00110100001000
00100001001011
00001101011001
11111001010011
11100101010111
11010010000101
10111111111011
10101111010110
10100000110001
10010100100001
10001010111011
10000100001101
10000000100011
10000000000001
10000010101001
10001000010111
10010001000001
10011100011010
10101010010000
10111010001101
11001011111000
11011110110101
11110010100111
00000110101101
00011010101001
00101101111011
01000000000101
01010000101010
01011111001111
01101011011111
01110101000101
01111011110011
01111111011101
01111111111111
01111101010111
01110111101001
01101110111111
01100011100110
01010101110000
01000101110011
00110100001000
00100001001011
00001101011001
11111001010011
11100101010111
11010010000101
10111111111011
10101111010110
10100000110001
10010100100001
10001010111011
10000100001101
10000000100011
10000000000001
10000010101001
10001000010111
10010001000001
10011100011010
10101010010000
10111010001101
11001011111000
11011110110101
11110010100111
00000110101101
00011010101001
00101101111011
01000000000101
01010000101010
01011111001111
01101011011111
01110101000101
01111011110011
01111111011101
01111111111111
01111101010111
01110111101001
01101110111111
01100011100110
01010101110000
01000101110011
00110100001000
00100001001011
00001101011001
11111001010011
11100101010111
11010010000101
10111111111011
10101111010110
10100000110001
10010100100001
10001010111011
10000100001101
10000000100011
10000000000001
10000010101001
10001000010111
10010001000001
10011100011010
10101010010000
10111010001101
11001011111000
11011110110101
11110010100111
00000110101101
00011010101001
00101101111011
01000000000101
01010000101010
01011111001111
01101011011111
01110101000101
01111011110011
01111111011101
01111111111111
01111101010111
01110111101001
01101110111111
01100011100110
01010101110000
01000101110011
00110100001000
00100001001011
00001101011001
11111001010011
11100101010111
11010010000101
10111111111011
10101111010110
10100000110001
10010100100001
10001010111011
10000100001101
10000000100011
10000000000001
10000010101001
10001000010111
10010001000001
10011100011010
10101010010000
10111010001101
11001011111000
11011110110101
11110010100111
00000110101101
00011010101001
00101101111011
01000000000101
01010000101010
01011111001111
01101011011111
01110101000101
01111011110011
01111111011101
01111111111111
01111101010111
01110111101001
01101110111111
01100011100110
01010101110000
01000101110011
00110100001000
00100001001011
00001101011001
11111001010011
11100101010111
11010010000101
10111111111011
10101111010110
10100000110001
10010100100001
10001010111011
10000100001101
10000000100011
10000000000001
10000010101001
10001000010111
10010001000001
10011100011010
10101010010000
10111010001101
11001011111000
11011110110101
11110010100111
00000110101101
00011010101001
00101101111011
01000000000101
01010000101010
01011111001111
01101011011111
01110101000101
01111011110011
01111111011101
01111111111111
01111101010111
01110111101001
01101110111111
01100011100110
01010101110000
01000101110011
00110100001000
00100001001011
00001101011001
11111001010011
11100101010111
11010010000101
10111111111011
10101111010110
10100000110001
10010100100001
10001010111011
10000100001101
10000000100011
10000000000001
10000010101001
10001000010111
10010001000001
10011100011010
10101010010000
10111010001101
11001011111000
11011110110101
11110010100111
00000110101101
00011010101001
00101101111011
01000000000101
01010000101010
01011111001111
01101011011111
01110101000101
01111011110011
01111111011101
01111111111111
01111101010111
01110111101001
01101110111111
01100011100110
01010101110000
01000101110011
00110100001000
00100001001011
00001101011001
11111001010011
11100101010111
11010010000101
10111111111011
10101111010110
10100000110001
10010100100001
10001010111011
10000100001101
10000000100011
10000000000001
10000010101001
10001000010111
10010001000001
10011100011010
10101010010000
10111010001101
11001011111000
11011110110101
11110010100111
00000110101101
00011010101001
00101101111011
01000000000101
01010000101010
01011111001111
01101011011111
01110101000101
01111011110011
01111111011101
01111111111111
01111101010111
01110111101001
01101110111111
01100011100110
01010101110000
01000101110011
00110100001000
00100001001011
00001101011001
11111001010011
11100101010111
11010010000101
