00000000000000
11111001111110
11110011111101
11101101111110
11101000000001
11100010001000
11011100010011
11010110100011
11010000111001
11001011010101
11000101111001
11000000100110
10111011011011
10110110011010
10110001100100
10101100111000
10101000011001
10100100000110
10100000000000
10011100000111
10011000011101
10010101000010
10010001110110
10001110111001
10001100001101
10001001110001
10000111100101
10000101101011
10000100000010
10000010101011
10000001100110
10000000110010
10000000010001
10000000000010
10000000000101
10000000011010
10000001000010
10000001111011
10000011000110
10000100100011
10000110010010
10001000010010
10001010100011
10001101000100
10001111110110
10010010111000
10010110001001
10011001101010
10011101011001
10100001010110
10100101100000
10101001110111
10101110011011
10110011001010
10111000000100
10111101001000
11000010010110
11000111101100
11001101001011
11010010110001
11011000011101
11011110001111
11100100000101
11101010000000
11101111111101
11110101111101
11111011111111
00000010000001
00001000000010
00001110000011
00010100000001
00011001111101
00011111110101
00100101101000
00101011010111
00110000111111
00110110100000
00111011111001
01000001001010
01000110010001
01001011001111
01010000000001
01010100101001
01011001000100
01011101010011
01100001010100
01100101001000
01101000101101
01101100000100
01101111001011
01110010000010
01110100101001
01110111000000
01111001000101
01111010111010
01111100011101
01111101101110
01111110101101
01111111011011
01111111110110
01111111111111
01111111110110
01111111011011
01111110101101
01111101101110
01111100011101
01111010111010
01111001000101
01110111000000
01110100101001
01110010000010
01101111001011
01101100000100
01101000101101
01100101001000
01100001010100
01011101010011
01011001000100
01010100101001
01010000000001
01001011001111
01000110010001
01000001001010
00111011111001
00110110100000
00110000111111
00101011010111
00100101101000
00011111110101
00011001111101
00010100000001
00001110000011
00001000000010
00000010000001
11111011111111
11110101111101
11101111111101
11101010000000
11100100000101
11011110001111
11011000011101
11010010110001
11001101001011
11000111101100
11000010010110
10111101001000
10111000000100
10110011001010
10101110011011
10101001110111
10100101100000
10100001010110
10011101011001
10011001101010
10010110001001
10010010111000
10001111110110
10001101000100
10001010100011
10001000010010
10000110010010
10000100100011
10000011000110
10000001111011
10000001000010
10000000011010
10000000000101
10000000000010
10000000010001
10000000110010
10000001100110
10000010101011
10000100000010
10000101101011
10000111100101
10001001110001
10001100001101
10001110111001
10010001110110
10010101000010
10011000011101
10011100000111
10100000000000
10100100000110
10101000011001
10101100111000
10110001100100
10110110011010
10111011011011
11000000100110
11000101111001
11001011010101
11010000111001
11010110100011
11011100010011
11100010001000
11101000000001
11101101111110
11110011111101
11111001111110
00000000000000
00000110000010
00001100000011
00010010000010
00010111111111
00011101111000
00100011101101
00101001011101
00101111000111
00110100101011
00111010000111
00111111011010
01000100100101
01001001100110
01001110011100
01010011001000
01010111100111
01011011111010
01100000000000
01100011111001
01100111100011
01101010111110
01101110001010
01110001000111
01110011110011
01110110001111
01111000011011
01111010010101
01111011111110
01111101010101
01111110011010
01111111001110
01111111101111
01111111111110
01111111111011
01111111100110
01111110111110
01111110000101
01111100111010
01111011011101
01111001101110
01110111101110
01110101011101
01110010111100
01110000001010
01101101001000
01101001110111
01100110010110
01100010100111
01011110101010
01011010100000
01010110001001
01010001100101
01001100110110
01000111111100
01000010111000
00111101101010
00111000010100
00110010110101
00101101001111
00100111100011
00100001110001
00011011111011
00010110000000
00010000000011
00001010000011
00000100000001
11111101111111
11110111111110
11110001111101
11101011111111
11100110000011
11100000001011
11011010011000
11010100101001
11001111000001
11001001100000
11000100000111
10111110110110
10111001101111
10110100110001
10101111111111
10101011010111
10100110111100
10100010101101
10011110101100
10011010111000
10010111010011
10010011111100
10010000110101
10001101111110
10001011010111
10001001000000
10000110111011
10000101000110
10000011100011
10000010010010
10000001010011
10000000100101
10000000001010
10000000000001
10000000001010
10000000100101
10000001010011
10000010010010
10000011100011
10000101000110
10000110111011
10001001000000
10001011010111
10001101111110
10010000110101
10010011111100
10010111010011
10011010111000
10011110101100
10100010101101
10100110111100
10101011010111
10101111111111
10110100110001
10111001101111
10111110110110
11000100000111
11001001100000
11001111000001
11010100101001
11011010011000
11100000001011
11100110000011
11101011111111
11110001111101
11110111111110
11111101111111
00000100000001
00001010000011
00010000000011
00010110000000
00011011111011
00100001110001
00100111100011
00101101001111
00110010110101
00111000010100
00111101101010
01000010111000
01000111111100
01001100110110
01010001100101
01010110001001
01011010100000
01011110101010
01100010100111
01100110010110
01101001110111
01101101001000
01110000001010
01110010111100
01110101011101
01110111101110
01111001101110
01111011011101
01111100111010
01111110000101
01111110111110
01111111100110
01111111111011
01111111111110
01111111101111
01111111001110
01111110011010
01111101010101
01111011111110
01111010010101
01111000011011
01110110001111
01110011110011
01110001000111
01101110001010
01101010111110
01100111100011
01100011111001
01100000000000
01011011111010
01010111100111
01010011001000
01001110011100
01001001100110
01000100100101
00111111011010
00111010000111
00110100101011
00101111000111
00101001011101
00100011101101
00011101111000
00010111111111
00010010000010
00001100000011
00000110000010
00000000000000
11111001111110
11110011111101
11101101111110
11101000000001
11100010001000
11011100010011
11010110100011
11010000111001
11001011010101
11000101111001
11000000100110
10111011011011
10110110011010
10110001100100
10101100111000
10101000011001
10100100000110
10100000000000
10011100000111
10011000011101
10010101000010
10010001110110
10001110111001
10001100001101
10001001110001
10000111100101
10000101101011
10000100000010
10000010101011
10000001100110
10000000110010
10000000010001
10000000000010
10000000000101
10000000011010
10000001000010
10000001111011
10000011000110
10000100100011
10000110010010
10001000010010
10001010100011
10001101000100
10001111110110
10010010111000
10010110001001
10011001101010
10011101011001
10100001010110
10100101100000
10101001110111
10101110011011
10110011001010
10111000000100
10111101001000
11000010010110
11000111101100
11001101001011
11010010110001
11011000011101
11011110001111
11100100000101
11101010000000
11101111111101
11110101111101
11111011111111
00000010000001
00001000000010
00001110000011
00010100000001
00011001111101
00011111110101
00100101101000
00101011010111
00110000111111
00110110100000
00111011111001
01000001001010
01000110010001
01001011001111
01010000000001
01010100101001
01011001000100
01011101010011
01100001010100
01100101001000
01101000101101
01101100000100
01101111001011
01110010000010
01110100101001
01110111000000
01111001000101
01111010111010
01111100011101
01111101101110
01111110101101
01111111011011
01111111110110
01111111111111
01111111110110
01111111011011
01111110101101
01111101101110
01111100011101
01111010111010
01111001000101
01110111000000
01110100101001
01110010000010
01101111001011
01101100000100
01101000101101
01100101001000
01100001010100
01011101010011
01011001000100
01010100101001
01010000000001
01001011001111
01000110010001
01000001001010
00111011111001
00110110100000
00110000111111
00101011010111
00100101101000
00011111110101
00011001111101
00010100000001
00001110000011
00001000000010
00000010000001
11111011111111
11110101111101
11101111111101
11101010000000
11100100000101
11011110001111
11011000011101
11010010110001
11001101001011
11000111101100
11000010010110
10111101001000
10111000000100
10110011001010
10101110011011
10101001110111
10100101100000
10100001010110
10011101011001
10011001101010
10010110001001
10010010111000
10001111110110
10001101000100
10001010100011
10001000010010
10000110010010
10000100100011
10000011000110
10000001111011
10000001000010
10000000011010
10000000000101
10000000000010
10000000010001
10000000110010
10000001100110
10000010101011
10000100000010
10000101101011
10000111100101
10001001110001
10001100001101
10001110111001
10010001110110
10010101000010
10011000011101
10011100000111
10100000000000
10100100000110
10101000011001
10101100111000
10110001100100
10110110011010
10111011011011
11000000100110
11000101111001
11001011010101
11010000111001
11010110100011
11011100010011
11100010001000
11101000000001
11101101111110
11110011111101
11111001111110
00000000000000
00000110000010
00001100000011
00010010000010
00010111111111
00011101111000
00100011101101
00101001011101
00101111000111
00110100101011
00111010000111
00111111011010
01000100100101
01001001100110
01001110011100
01010011001000
01010111100111
01011011111010
01100000000000
01100011111001
01100111100011
01101010111110
01101110001010
01110001000111
01110011110011
01110110001111
01111000011011
01111010010101
01111011111110
01111101010101
01111110011010
01111111001110
01111111101111
01111111111110
01111111111011
01111111100110
01111110111110
01111110000101
01111100111010
01111011011101
01111001101110
01110111101110
01110101011101
01110010111100
01110000001010
01101101001000
01101001110111
01100110010110
01100010100111
01011110101010
01011010100000
01010110001001
01010001100101
01001100110110
01000111111100
01000010111000
00111101101010
00111000010100
00110010110101
00101101001111
00100111100011
00100001110001
00011011111011
00010110000000
00010000000011
00001010000011
00000100000001
11111101111111
11110111111110
11110001111101
11101011111111
11100110000011
11100000001011
11011010011000
11010100101001
11001111000001
11001001100000
11000100000111
10111110110110
10111001101111
10110100110001
10101111111111
10101011010111
10100110111100
10100010101101
10011110101100
10011010111000
10010111010011
10010011111100
10010000110101
10001101111110
10001011010111
10001001000000
10000110111011
10000101000110
10000011100011
10000010010010
10000001010011
10000000100101
10000000001010
10000000000001
10000000001010
10000000100101
10000001010011
10000010010010
10000011100011
10000101000110
10000110111011
10001001000000
10001011010111
10001101111110
10010000110101
10010011111100
10010111010011
10011010111000
10011110101100
10100010101101
10100110111100
10101011010111
10101111111111
10110100110001
10111001101111
10111110110110
11000100000111
11001001100000
11001111000001
11010100101001
11011010011000
11100000001011
11100110000011
11101011111111
11110001111101
11110111111110
11111101111111
00000100000001
00001010000011
00010000000011
00010110000000
00011011111011
00100001110001
00100111100011
00101101001111
00110010110101
00111000010100
00111101101010
01000010111000
01000111111100
01001100110110
01010001100101
01010110001001
01011010100000
01011110101010
01100010100111
01100110010110
01101001110111
01101101001000
01110000001010
01110010111100
01110101011101
01110111101110
01111001101110
01111011011101
01111100111010
01111110000101
01111110111110
01111111100110
01111111111011
01111111111110
01111111101111
01111111001110
01111110011010
01111101010101
01111011111110
01111010010101
01111000011011
01110110001111
01110011110011
01110001000111
01101110001010
01101010111110
01100111100011
01100011111001
01100000000000
01011011111010
01010111100111
01010011001000
01001110011100
01001001100110
01000100100101
00111111011010
00111010000111
00110100101011
00101111000111
00101001011101
00100011101101
00011101111000
00010111111111
00010010000010
00001100000011
00000110000010
00000000000000
11111001111110
11110011111101
11101101111110
11101000000001
11100010001000
11011100010011
11010110100011
11010000111001
11001011010101
11000101111001
11000000100110
10111011011011
10110110011010
10110001100100
10101100111000
10101000011001
10100100000110
10100000000000
10011100000111
10011000011101
10010101000010
10010001110110
10001110111001
10001100001101
10001001110001
10000111100101
10000101101011
10000100000010
10000010101011
10000001100110
10000000110010
10000000010001
10000000000010
10000000000101
10000000011010
10000001000010
10000001111011
10000011000110
10000100100011
10000110010010
10001000010010
10001010100011
10001101000100
10001111110110
10010010111000
10010110001001
10011001101010
10011101011001
10100001010110
10100101100000
10101001110111
10101110011011
10110011001010
10111000000100
10111101001000
11000010010110
11000111101100
11001101001011
11010010110001
11011000011101
11011110001111
11100100000101
11101010000000
11101111111101
11110101111101
11111011111111
00000010000001
00001000000010
00001110000011
00010100000001
00011001111101
00011111110101
00100101101000
00101011010111
00110000111111
00110110100000
00111011111001
01000001001010
01000110010001
01001011001111
01010000000001
01010100101001
01011001000100
01011101010011
01100001010100
01100101001000
01101000101101
01101100000100
01101111001011
01110010000010
01110100101001
01110111000000
01111001000101
01111010111010
01111100011101
01111101101110
01111110101101
01111111011011
01111111110110
01111111111111
01111111110110
01111111011011
01111110101101
01111101101110
01111100011101
01111010111010
01111001000101
01110111000000
01110100101001
01110010000010
01101111001011
01101100000100
01101000101101
01100101001000
01100001010100
01011101010011
01011001000100
01010100101001
01010000000001
01001011001111
01000110010001
01000001001010
00111011111001
00110110100000
00110000111111
00101011010111
00100101101000
00011111110101
00011001111101
00010100000001
00001110000011
00001000000010
00000010000001
11111011111111
11110101111101
11101111111101
11101010000000
11100100000101
11011110001111
11011000011101
11010010110001
11001101001011
11000111101100
11000010010110
10111101001000
10111000000100
10110011001010
10101110011011
10101001110111
10100101100000
10100001010110
10011101011001
10011001101010
10010110001001
10010010111000
10001111110110
10001101000100
10001010100011
10001000010010
10000110010010
10000100100011
10000011000110
10000001111011
10000001000010
10000000011010
10000000000101
10000000000010
10000000010001
10000000110010
10000001100110
10000010101011
10000100000010
10000101101011
10000111100101
10001001110001
10001100001101
10001110111001
10010001110110
10010101000010
10011000011101
10011100000111
10100000000000
10100100000110
10101000011001
10101100111000
10110001100100
10110110011010
10111011011011
11000000100110
11000101111001
11001011010101
11010000111001
11010110100011
11011100010011
11100010001000
11101000000001
11101101111110
11110011111101
11111001111110
00000000000000
00000110000010
00001100000011
00010010000010
00010111111111
00011101111000
00100011101101
00101001011101
00101111000111
00110100101011
00111010000111
00111111011010
01000100100101
01001001100110
01001110011100
01010011001000
01010111100111
01011011111010
01100000000000
01100011111001
01100111100011
01101010111110
01101110001010
01110001000111
01110011110011
01110110001111
01111000011011
01111010010101
01111011111110
01111101010101
01111110011010
01111111001110
01111111101111
01111111111110
01111111111011
01111111100110
01111110111110
01111110000101
01111100111010
01111011011101
01111001101110
01110111101110
01110101011101
01110010111100
01110000001010
01101101001000
01101001110111
01100110010110
01100010100111
01011110101010
01011010100000
01010110001001
01010001100101
01001100110110
01000111111100
01000010111000
00111101101010
00111000010100
00110010110101
00101101001111
00100111100011
00100001110001
00011011111011
00010110000000
00010000000011
00001010000011
00000100000001
11111101111111
11110111111110
11110001111101
11101011111111
11100110000011
11100000001011
11011010011000
11010100101001
11001111000001
11001001100000
11000100000111
10111110110110
10111001101111
10110100110001
10101111111111
10101011010111
10100110111100
10100010101101
10011110101100
10011010111000
10010111010011
10010011111100
10010000110101
10001101111110
10001011010111
10001001000000
10000110111011
10000101000110
10000011100011
10000010010010
10000001010011
10000000100101
10000000001010
10000000000001
10000000001010
10000000100101
10000001010011
10000010010010
10000011100011
10000101000110
10000110111011
10001001000000
10001011010111
10001101111110
10010000110101
10010011111100
10010111010011
10011010111000
10011110101100
10100010101101
10100110111100
10101011010111
10101111111111
10110100110001
10111001101111
10111110110110
11000100000111
11001001100000
11001111000001
11010100101001
11011010011000
11100000001011
11100110000011
11101011111111
11110001111101
11110111111110
11111101111111
00000100000001
00001010000011
00010000000011
00010110000000
00011011111011
00100001110001
00100111100011
00101101001111
00110010110101
00111000010100
00111101101010
01000010111000
01000111111100
01001100110110
01010001100101
01010110001001
01011010100000
01011110101010
01100010100111
01100110010110
01101001110111
01101101001000
01110000001010
01110010111100
01110101011101
01110111101110
01111001101110
01111011011101
01111100111010
01111110000101
01111110111110
01111111100110
01111111111011
01111111111110
01111111101111
01111111001110
01111110011010
01111101010101
01111011111110
01111010010101
01111000011011
01110110001111
01110011110011
01110001000111
01101110001010
01101010111110
01100111100011
01100011111001
01100000000000
01011011111010
01010111100111
01010011001000
01001110011100
01001001100110
01000100100101
00111111011010
00111010000111
00110100101011
00101111000111
00101001011101
00100011101101
00011101111000
00010111111111
00010010000010
00001100000011
00000110000010
00000000000000
11111001111110
11110011111101
11101101111110
11101000000001
11100010001000
11011100010011
11010110100011
11010000111001
11001011010101
11000101111001
11000000100110
10111011011011
10110110011010
10110001100100
10101100111000
10101000011001
10100100000110
10100000000000
10011100000111
10011000011101
10010101000010
10010001110110
10001110111001
10001100001101
10001001110001
10000111100101
10000101101011
10000100000010
10000010101011
10000001100110
10000000110010
10000000010001
10000000000010
10000000000101
10000000011010
10000001000010
10000001111011
10000011000110
10000100100011
10000110010010
10001000010010
10001010100011
10001101000100
10001111110110
10010010111000
10010110001001
10011001101010
10011101011001
10100001010110
10100101100000
10101001110111
10101110011011
10110011001010
10111000000100
10111101001000
11000010010110
11000111101100
11001101001011
11010010110001
11011000011101
11011110001111
11100100000101
11101010000000
11101111111101
11110101111101
11111011111111
00000010000001
00001000000010
00001110000011
00010100000001
00011001111101
00011111110101
00100101101000
00101011010111
00110000111111
00110110100000
00111011111001
01000001001010
01000110010001
01001011001111
01010000000001
01010100101001
01011001000100
01011101010011
01100001010100
01100101001000
01101000101101
01101100000100
01101111001011
01110010000010
01110100101001
01110111000000
01111001000101
01111010111010
01111100011101
01111101101110
01111110101101
01111111011011
01111111110110
01111111111111
01111111110110
01111111011011
01111110101101
01111101101110
01111100011101
01111010111010
01111001000101
01110111000000
01110100101001
01110010000010
01101111001011
01101100000100
01101000101101
01100101001000
01100001010100
01011101010011
01011001000100
01010100101001
01010000000001
01001011001111
01000110010001
01000001001010
00111011111001
00110110100000
00110000111111
00101011010111
00100101101000
00011111110101
00011001111101
00010100000001
00001110000011
00001000000010
00000010000001
11111011111111
11110101111101
11101111111101
11101010000000
11100100000101
11011110001111
11011000011101
11010010110001
11001101001011
11000111101100
11000010010110
10111101001000
10111000000100
10110011001010
10101110011011
10101001110111
10100101100000
10100001010110
10011101011001
10011001101010
10010110001001
10010010111000
10001111110110
10001101000100
10001010100011
10001000010010
10000110010010
10000100100011
10000011000110
10000001111011
10000001000010
10000000011010
10000000000101
10000000000010
10000000010001
10000000110010
10000001100110
10000010101011
10000100000010
10000101101011
10000111100101
10001001110001
10001100001101
10001110111001
10010001110110
10010101000010
10011000011101
10011100000111
10100000000000
10100100000110
10101000011001
10101100111000
10110001100100
10110110011010
10111011011011
11000000100110
11000101111001
11001011010101
11010000111001
11010110100011
11011100010011
11100010001000
11101000000001
11101101111110
11110011111101
11111001111110
00000000000000
00000110000010
00001100000011
00010010000010
00010111111111
00011101111000
00100011101101
00101001011101
00101111000111
00110100101011
00111010000111
00111111011010
01000100100101
01001001100110
01001110011100
01010011001000
01010111100111
01011011111010
01100000000000
01100011111001
01100111100011
01101010111110
01101110001010
01110001000111
01110011110011
01110110001111
01111000011011
01111010010101
01111011111110
01111101010101
01111110011010
01111111001110
01111111101111
01111111111110
01111111111011
01111111100110
01111110111110
01111110000101
01111100111010
01111011011101
01111001101110
01110111101110
01110101011101
01110010111100
01110000001010
01101101001000
01101001110111
01100110010110
01100010100111
01011110101010
01011010100000
01010110001001
01010001100101
01001100110110
01000111111100
01000010111000
00111101101010
00111000010100
00110010110101
00101101001111
00100111100011
00100001110001
00011011111011
00010110000000
00010000000011
00001010000011
00000100000001
11111101111111
11110111111110
11110001111101
11101011111111
11100110000011
11100000001011
11011010011000
11010100101001
11001111000001
11001001100000
11000100000111
10111110110110
10111001101111
10110100110001
10101111111111
10101011010111
10100110111100
10100010101101
10011110101100
10011010111000
10010111010011
10010011111100
10010000110101
10001101111110
10001011010111
10001001000000
10000110111011
10000101000110
10000011100011
10000010010010
10000001010011
10000000100101
10000000001010
10000000000001
10000000001010
10000000100101
10000001010011
10000010010010
10000011100011
10000101000110
10000110111011
10001001000000
10001011010111
10001101111110
10010000110101
10010011111100
10010111010011
10011010111000
10011110101100
10100010101101
10100110111100
10101011010111
10101111111111
10110100110001
10111001101111
10111110110110
11000100000111
11001001100000
11001111000001
11010100101001
11011010011000
11100000001011
11100110000011
11101011111111
11110001111101
11110111111110
11111101111111
00000100000001
00001010000011
00010000000011
00010110000000
00011011111011
00100001110001
00100111100011
00101101001111
00110010110101
00111000010100
00111101101010
01000010111000
01000111111100
01001100110110
01010001100101
01010110001001
01011010100000
01011110101010
01100010100111
01100110010110
01101001110111
01101101001000
01110000001010
01110010111100
01110101011101
01110111101110
01111001101110
01111011011101
01111100111010
01111110000101
01111110111110
01111111100110
01111111111011
01111111111110
01111111101111
01111111001110
01111110011010
01111101010101
01111011111110
01111010010101
01111000011011
01110110001111
01110011110011
01110001000111
01101110001010
01101010111110
01100111100011
01100011111001
01100000000000
01011011111010
01010111100111
01010011001000
01001110011100
01001001100110
01000100100101
00111111011010
00111010000111
00110100101011
00101111000111
00101001011101
00100011101101
00011101111000
00010111111111
00010010000010
00001100000011
00000110000010
00000000000000
11111001111110
11110011111101
11101101111110
11101000000001
11100010001000
11011100010011
11010110100011
11010000111001
11001011010101
11000101111001
11000000100110
10111011011011
10110110011010
10110001100100
10101100111000
10101000011001
10100100000110
10100000000000
10011100000111
10011000011101
10010101000010
10010001110110
10001110111001
10001100001101
10001001110001
10000111100101
10000101101011
10000100000010
10000010101011
10000001100110
10000000110010
10000000010001
10000000000010
10000000000101
10000000011010
10000001000010
10000001111011
10000011000110
10000100100011
10000110010010
10001000010010
10001010100011
10001101000100
10001111110110
10010010111000
10010110001001
10011001101010
10011101011001
10100001010110
10100101100000
10101001110111
10101110011011
10110011001010
10111000000100
10111101001000
11000010010110
11000111101100
11001101001011
11010010110001
11011000011101
11011110001111
11100100000101
11101010000000
11101111111101
11110101111101
11111011111111
00000010000001
00001000000010
00001110000011
00010100000001
00011001111101
00011111110101
00100101101000
00101011010111
00110000111111
00110110100000
00111011111001
01000001001010
01000110010001
01001011001111
01010000000001
01010100101001
01011001000100
01011101010011
01100001010100
01100101001000
01101000101101
01101100000100
01101111001011
01110010000010
01110100101001
01110111000000
01111001000101
01111010111010
01111100011101
01111101101110
01111110101101
01111111011011
01111111110110
01111111111111
01111111110110
01111111011011
01111110101101
01111101101110
01111100011101
01111010111010
01111001000101
01110111000000
01110100101001
01110010000010
01101111001011
01101100000100
01101000101101
01100101001000
01100001010100
01011101010011
01011001000100
01010100101001
01010000000001
01001011001111
01000110010001
01000001001010
00111011111001
00110110100000
00110000111111
00101011010111
00100101101000
00011111110101
00011001111101
00010100000001
00001110000011
00001000000010
00000010000001
11111011111111
11110101111101
11101111111101
11101010000000
11100100000101
11011110001111
11011000011101
11010010110001
11001101001011
11000111101100
11000010010110
10111101001000
10111000000100
10110011001010
10101110011011
10101001110111
10100101100000
10100001010110
10011101011001
10011001101010
10010110001001
10010010111000
10001111110110
10001101000100
10001010100011
10001000010010
10000110010010
10000100100011
10000011000110
10000001111011
10000001000010
10000000011010
10000000000101
10000000000010
10000000010001
10000000110010
10000001100110
10000010101011
10000100000010
10000101101011
10000111100101
10001001110001
10001100001101
10001110111001
10010001110110
10010101000010
10011000011101
10011100000111
10100000000000
10100100000110
10101000011001
10101100111000
10110001100100
10110110011010
10111011011011
11000000100110
11000101111001
11001011010101
11010000111001
11010110100011
11011100010011
11100010001000
11101000000001
11101101111110
11110011111101
11111001111110
00000000000000
00000110000010
00001100000011
00010010000010
00010111111111
00011101111000
00100011101101
00101001011101
00101111000111
00110100101011
00111010000111
00111111011010
01000100100101
01001001100110
01001110011100
01010011001000
01010111100111
01011011111010
01100000000000
01100011111001
01100111100011
01101010111110
01101110001010
01110001000111
01110011110011
01110110001111
01111000011011
01111010010101
01111011111110
01111101010101
01111110011010
01111111001110
01111111101111
01111111111110
01111111111011
01111111100110
01111110111110
01111110000101
01111100111010
01111011011101
01111001101110
01110111101110
01110101011101
01110010111100
01110000001010
01101101001000
01101001110111
01100110010110
01100010100111
01011110101010
01011010100000
01010110001001
01010001100101
01001100110110
01000111111100
01000010111000
00111101101010
00111000010100
00110010110101
00101101001111
00100111100011
00100001110001
00011011111011
00010110000000
00010000000011
00001010000011
00000100000001
11111101111111
11110111111110
11110001111101
11101011111111
11100110000011
11100000001011
11011010011000
11010100101001
11001111000001
11001001100000
11000100000111
10111110110110
10111001101111
10110100110001
10101111111111
10101011010111
10100110111100
10100010101101
10011110101100
10011010111000
10010111010011
10010011111100
10010000110101
10001101111110
10001011010111
10001001000000
10000110111011
10000101000110
10000011100011
10000010010010
10000001010011
10000000100101
10000000001010
10000000000001
10000000001010
10000000100101
10000001010011
10000010010010
10000011100011
10000101000110
10000110111011
10001001000000
10001011010111
10001101111110
10010000110101
10010011111100
10010111010011
10011010111000
10011110101100
10100010101101
10100110111100
10101011010111
10101111111111
10110100110001
10111001101111
10111110110110
11000100000111
11001001100000
11001111000001
11010100101001
11011010011000
11100000001011
11100110000011
11101011111111
11110001111101
11110111111110
11111101111111
00000100000001
00001010000011
00010000000011
00010110000000
00011011111011
00100001110001
00100111100011
00101101001111
00110010110101
00111000010100
00111101101010
01000010111000
01000111111100
01001100110110
01010001100101
01010110001001
01011010100000
01011110101010
01100010100111
01100110010110
01101001110111
01101101001000
01110000001010
01110010111100
01110101011101
01110111101110
01111001101110
01111011011101
01111100111010
01111110000101
01111110111110
01111111100110
01111111111011
01111111111110
01111111101111
01111111001110
01111110011010
01111101010101
01111011111110
01111010010101
01111000011011
01110110001111
01110011110011
01110001000111
01101110001010
01101010111110
01100111100011
01100011111001
01100000000000
01011011111010
01010111100111
01010011001000
01001110011100
01001001100110
01000100100101
00111111011010
00111010000111
00110100101011
00101111000111
00101001011101
00100011101101
00011101111000
00010111111111
00010010000010
00001100000011
00000110000010
00000000000000
11111001111110
11110011111101
11101101111110
11101000000001
11100010001000
11011100010011
11010110100011
11010000111001
11001011010101
11000101111001
11000000100110
10111011011011
10110110011010
10110001100100
10101100111000
10101000011001
10100100000110
10100000000000
10011100000111
10011000011101
10010101000010
10010001110110
10001110111001
10001100001101
10001001110001
10000111100101
10000101101011
10000100000010
10000010101011
10000001100110
10000000110010
10000000010001
10000000000010
10000000000101
10000000011010
10000001000010
10000001111011
10000011000110
10000100100011
10000110010010
10001000010010
10001010100011
10001101000100
10001111110110
10010010111000
10010110001001
10011001101010
10011101011001
10100001010110
10100101100000
10101001110111
10101110011011
10110011001010
10111000000100
10111101001000
11000010010110
11000111101100
11001101001011
11010010110001
11011000011101
11011110001111
11100100000101
11101010000000
11101111111101
11110101111101
11111011111111
00000010000001
00001000000010
00001110000011
00010100000001
00011001111101
00011111110101
00100101101000
00101011010111
00110000111111
00110110100000
00111011111001
01000001001010
01000110010001
01001011001111
01010000000001
01010100101001
01011001000100
01011101010011
01100001010100
01100101001000
01101000101101
01101100000100
01101111001011
01110010000010
01110100101001
01110111000000
01111001000101
01111010111010
01111100011101
01111101101110
01111110101101
01111111011011
01111111110110
01111111111111
01111111110110
01111111011011
01111110101101
01111101101110
01111100011101
01111010111010
01111001000101
01110111000000
01110100101001
01110010000010
01101111001011
01101100000100
01101000101101
01100101001000
01100001010100
01011101010011
01011001000100
01010100101001
01010000000001
01001011001111
01000110010001
01000001001010
00111011111001
00110110100000
00110000111111
00101011010111
00100101101000
00011111110101
00011001111101
00010100000001
00001110000011
00001000000010
00000010000001
11111011111111
11110101111101
11101111111101
11101010000000
11100100000101
11011110001111
11011000011101
11010010110001
11001101001011
11000111101100
11000010010110
10111101001000
10111000000100
10110011001010
10101110011011
10101001110111
10100101100000
10100001010110
10011101011001
10011001101010
10010110001001
10010010111000
10001111110110
10001101000100
10001010100011
10001000010010
10000110010010
10000100100011
10000011000110
10000001111011
10000001000010
10000000011010
10000000000101
10000000000010
10000000010001
10000000110010
10000001100110
10000010101011
10000100000010
10000101101011
10000111100101
10001001110001
10001100001101
10001110111001
10010001110110
10010101000010
10011000011101
10011100000111
10100000000000
10100100000110
10101000011001
10101100111000
10110001100100
10110110011010
10111011011011
11000000100110
11000101111001
11001011010101
11010000111001
11010110100011
11011100010011
11100010001000
11101000000001
11101101111110
11110011111101
11111001111110
00000000000000
00000110000010
00001100000011
00010010000010
00010111111111
00011101111000
00100011101101
00101001011101
00101111000111
00110100101011
00111010000111
00111111011010
01000100100101
01001001100110
01001110011100
01010011001000
01010111100111
01011011111010
01100000000000
01100011111001
01100111100011
01101010111110
01101110001010
01110001000111
01110011110011
01110110001111
01111000011011
01111010010101
01111011111110
01111101010101
01111110011010
01111111001110
01111111101111
01111111111110
01111111111011
01111111100110
01111110111110
01111110000101
01111100111010
01111011011101
01111001101110
01110111101110
01110101011101
01110010111100
01110000001010
01101101001000
01101001110111
01100110010110
01100010100111
01011110101010
01011010100000
01010110001001
01010001100101
01001100110110
01000111111100
01000010111000
00111101101010
00111000010100
00110010110101
00101101001111
00100111100011
00100001110001
00011011111011
00010110000000
00010000000011
00001010000011
00000100000001
11111101111111
11110111111110
11110001111101
11101011111111
11100110000011
11100000001011
11011010011000
11010100101001
11001111000001
11001001100000
11000100000111
10111110110110
10111001101111
10110100110001
10101111111111
10101011010111
10100110111100
10100010101101
10011110101100
10011010111000
10010111010011
10010011111100
10010000110101
10001101111110
10001011010111
10001001000000
10000110111011
10000101000110
10000011100011
10000010010010
10000001010011
10000000100101
10000000001010
10000000000001
10000000001010
10000000100101
10000001010011
10000010010010
10000011100011
10000101000110
10000110111011
10001001000000
10001011010111
10001101111110
10010000110101
10010011111100
10010111010011
10011010111000
10011110101100
10100010101101
10100110111100
10101011010111
10101111111111
10110100110001
10111001101111
10111110110110
11000100000111
11001001100000
11001111000001
11010100101001
11011010011000
11100000001011
11100110000011
11101011111111
11110001111101
11110111111110
11111101111111
00000100000001
00001010000011
00010000000011
00010110000000
00011011111011
00100001110001
00100111100011
00101101001111
00110010110101
00111000010100
00111101101010
01000010111000
01000111111100
01001100110110
01010001100101
01010110001001
01011010100000
01011110101010
01100010100111
01100110010110
01101001110111
01101101001000
01110000001010
01110010111100
01110101011101
01110111101110
01111001101110
01111011011101
01111100111010
01111110000101
01111110111110
01111111100110
01111111111011
01111111111110
01111111101111
01111111001110
01111110011010
01111101010101
01111011111110
01111010010101
01111000011011
01110110001111
01110011110011
01110001000111
01101110001010
01101010111110
01100111100011
01100011111001
01100000000000
01011011111010
01010111100111
01010011001000
01001110011100
01001001100110
01000100100101
00111111011010
00111010000111
00110100101011
00101111000111
00101001011101
00100011101101
00011101111000
00010111111111
00010010000010
00001100000011
00000110000010
00000000000000
11111001111110
11110011111101
11101101111110
11101000000001
11100010001000
11011100010011
11010110100011
11010000111001
11001011010101
11000101111001
11000000100110
10111011011011
10110110011010
10110001100100
10101100111000
10101000011001
10100100000110
10100000000000
10011100000111
10011000011101
10010101000010
10010001110110
10001110111001
10001100001101
10001001110001
10000111100101
10000101101011
10000100000010
10000010101011
10000001100110
10000000110010
10000000010001
10000000000010
10000000000101
10000000011010
10000001000010
10000001111011
10000011000110
10000100100011
10000110010010
10001000010010
10001010100011
10001101000100
10001111110110
10010010111000
10010110001001
10011001101010
10011101011001
10100001010110
10100101100000
10101001110111
10101110011011
10110011001010
10111000000100
10111101001000
11000010010110
11000111101100
11001101001011
11010010110001
11011000011101
11011110001111
11100100000101
11101010000000
11101111111101
11110101111101
11111011111111
00000010000001
00001000000010
00001110000011
00010100000001
00011001111101
00011111110101
00100101101000
00101011010111
00110000111111
00110110100000
00111011111001
01000001001010
01000110010001
01001011001111
01010000000001
01010100101001
01011001000100
01011101010011
01100001010100
01100101001000
01101000101101
01101100000100
01101111001011
01110010000010
01110100101001
01110111000000
01111001000101
01111010111010
01111100011101
01111101101110
01111110101101
01111111011011
01111111110110
01111111111111
01111111110110
01111111011011
01111110101101
01111101101110
01111100011101
01111010111010
01111001000101
01110111000000
01110100101001
01110010000010
01101111001011
01101100000100
01101000101101
01100101001000
01100001010100
01011101010011
01011001000100
01010100101001
01010000000001
01001011001111
01000110010001
01000001001010
00111011111001
00110110100000
00110000111111
00101011010111
00100101101000
00011111110101
00011001111101
00010100000001
00001110000011
00001000000010
00000010000001
11111011111111
11110101111101
11101111111101
11101010000000
11100100000101
11011110001111
11011000011101
11010010110001
11001101001011
11000111101100
11000010010110
10111101001000
10111000000100
10110011001010
10101110011011
10101001110111
10100101100000
10100001010110
10011101011001
10011001101010
10010110001001
10010010111000
10001111110110
10001101000100
10001010100011
10001000010010
10000110010010
10000100100011
10000011000110
10000001111011
10000001000010
10000000011010
10000000000101
10000000000010
10000000010001
10000000110010
10000001100110
10000010101011
10000100000010
10000101101011
10000111100101
10001001110001
10001100001101
10001110111001
10010001110110
10010101000010
10011000011101
10011100000111
10100000000000
10100100000110
10101000011001
10101100111000
10110001100100
10110110011010
10111011011011
11000000100110
11000101111001
11001011010101
11010000111001
11010110100011
11011100010011
11100010001000
11101000000001
11101101111110
11110011111101
11111001111110
00000000000000
00000110000010
00001100000011
00010010000010
00010111111111
00011101111000
00100011101101
00101001011101
00101111000111
00110100101011
00111010000111
00111111011010
01000100100101
01001001100110
01001110011100
01010011001000
01010111100111
01011011111010
01100000000000
01100011111001
01100111100011
01101010111110
01101110001010
01110001000111
01110011110011
01110110001111
01111000011011
01111010010101
01111011111110
01111101010101
01111110011010
01111111001110
01111111101111
01111111111110
01111111111011
01111111100110
01111110111110
01111110000101
01111100111010
01111011011101
01111001101110
01110111101110
01110101011101
01110010111100
01110000001010
01101101001000
01101001110111
01100110010110
01100010100111
01011110101010
01011010100000
01010110001001
01010001100101
01001100110110
01000111111100
01000010111000
00111101101010
00111000010100
00110010110101
00101101001111
00100111100011
00100001110001
00011011111011
00010110000000
00010000000011
00001010000011
00000100000001
11111101111111
11110111111110
11110001111101
11101011111111
11100110000011
11100000001011
11011010011000
11010100101001
11001111000001
11001001100000
11000100000111
10111110110110
10111001101111
10110100110001
10101111111111
10101011010111
10100110111100
10100010101101
10011110101100
10011010111000
10010111010011
10010011111100
10010000110101
10001101111110
10001011010111
10001001000000
10000110111011
10000101000110
10000011100011
10000010010010
10000001010011
10000000100101
10000000001010
10000000000001
10000000001010
10000000100101
10000001010011
10000010010010
10000011100011
10000101000110
10000110111011
10001001000000
10001011010111
10001101111110
10010000110101
10010011111100
10010111010011
10011010111000
10011110101100
10100010101101
10100110111100
10101011010111
10101111111111
10110100110001
10111001101111
10111110110110
11000100000111
11001001100000
11001111000001
11010100101001
11011010011000
11100000001011
11100110000011
11101011111111
11110001111101
11110111111110
11111101111111
00000100000001
00001010000011
00010000000011
00010110000000
00011011111011
00100001110001
00100111100011
00101101001111
00110010110101
00111000010100
00111101101010
01000010111000
01000111111100
01001100110110
01010001100101
01010110001001
01011010100000
01011110101010
01100010100111
01100110010110
01101001110111
01101101001000
01110000001010
01110010111100
01110101011101
01110111101110
01111001101110
01111011011101
01111100111010
01111110000101
01111110111110
01111111100110
01111111111011
01111111111110
01111111101111
01111111001110
01111110011010
01111101010101
01111011111110
01111010010101
01111000011011
01110110001111
01110011110011
01110001000111
01101110001010
01101010111110
01100111100011
01100011111001
01100000000000
01011011111010
01010111100111
01010011001000
01001110011100
01001001100110
01000100100101
00111111011010
00111010000111
00110100101011
00101111000111
00101001011101
00100011101101
00011101111000
00010111111111
00010010000010
00001100000011
00000110000010
00000000000000
11111001111110
11110011111101
11101101111110
11101000000001
11100010001000
11011100010011
11010110100011
11010000111001
11001011010101
11000101111001
11000000100110
10111011011011
10110110011010
10110001100100
10101100111000
10101000011001
10100100000110
10100000000000
10011100000111
10011000011101
10010101000010
10010001110110
10001110111001
10001100001101
10001001110001
10000111100101
10000101101011
10000100000010
10000010101011
10000001100110
10000000110010
10000000010001
10000000000010
10000000000101
10000000011010
10000001000010
10000001111011
10000011000110
10000100100011
10000110010010
10001000010010
10001010100011
10001101000100
10001111110110
10010010111000
10010110001001
10011001101010
10011101011001
10100001010110
10100101100000
10101001110111
10101110011011
10110011001010
10111000000100
10111101001000
11000010010110
11000111101100
11001101001011
11010010110001
11011000011101
11011110001111
11100100000101
11101010000000
11101111111101
11110101111101
11111011111111
00000010000001
00001000000010
00001110000011
00010100000001
00011001111101
00011111110101
00100101101000
00101011010111
00110000111111
00110110100000
00111011111001
01000001001010
01000110010001
01001011001111
01010000000001
01010100101001
01011001000100
01011101010011
01100001010100
01100101001000
01101000101101
01101100000100
01101111001011
01110010000010
01110100101001
01110111000000
01111001000101
01111010111010
01111100011101
01111101101110
01111110101101
01111111011011
01111111110110
01111111111111
01111111110110
01111111011011
01111110101101
01111101101110
01111100011101
01111010111010
01111001000101
01110111000000
01110100101001
01110010000010
01101111001011
01101100000100
01101000101101
01100101001000
01100001010100
01011101010011
01011001000100
01010100101001
01010000000001
01001011001111
01000110010001
01000001001010
00111011111001
00110110100000
00110000111111
00101011010111
00100101101000
00011111110101
00011001111101
00010100000001
00001110000011
00001000000010
00000010000001
11111011111111
11110101111101
11101111111101
11101010000000
11100100000101
11011110001111
11011000011101
11010010110001
11001101001011
11000111101100
11000010010110
10111101001000
10111000000100
10110011001010
10101110011011
10101001110111
10100101100000
10100001010110
10011101011001
10011001101010
10010110001001
10010010111000
10001111110110
10001101000100
10001010100011
10001000010010
10000110010010
10000100100011
10000011000110
10000001111011
10000001000010
10000000011010
10000000000101
10000000000010
10000000010001
10000000110010
10000001100110
10000010101011
10000100000010
10000101101011
10000111100101
10001001110001
10001100001101
10001110111001
10010001110110
10010101000010
10011000011101
10011100000111
10100000000000
10100100000110
10101000011001
10101100111000
10110001100100
10110110011010
10111011011011
11000000100110
11000101111001
11001011010101
11010000111001
11010110100011
11011100010011
11100010001000
11101000000001
11101101111110
11110011111101
11111001111110
00000000000000
00000110000010
00001100000011
00010010000010
00010111111111
00011101111000
00100011101101
00101001011101
00101111000111
00110100101011
00111010000111
00111111011010
01000100100101
01001001100110
01001110011100
01010011001000
01010111100111
01011011111010
01100000000000
01100011111001
01100111100011
01101010111110
01101110001010
01110001000111
01110011110011
01110110001111
01111000011011
01111010010101
01111011111110
01111101010101
01111110011010
01111111001110
01111111101111
01111111111110
01111111111011
01111111100110
01111110111110
01111110000101
01111100111010
01111011011101
01111001101110
01110111101110
01110101011101
01110010111100
01110000001010
01101101001000
01101001110111
01100110010110
01100010100111
01011110101010
01011010100000
01010110001001
01010001100101
01001100110110
01000111111100
01000010111000
00111101101010
00111000010100
00110010110101
00101101001111
00100111100011
00100001110001
00011011111011
00010110000000
00010000000011
00001010000011
00000100000001
11111101111111
11110111111110
11110001111101
11101011111111
11100110000011
11100000001011
11011010011000
11010100101001
11001111000001
11001001100000
11000100000111
10111110110110
10111001101111
10110100110001
10101111111111
10101011010111
10100110111100
10100010101101
10011110101100
10011010111000
10010111010011
10010011111100
10010000110101
10001101111110
10001011010111
10001001000000
10000110111011
10000101000110
10000011100011
10000010010010
10000001010011
10000000100101
10000000001010
10000000000001
10000000001010
10000000100101
10000001010011
10000010010010
10000011100011
10000101000110
10000110111011
10001001000000
10001011010111
10001101111110
10010000110101
10010011111100
10010111010011
10011010111000
10011110101100
10100010101101
10100110111100
10101011010111
10101111111111
10110100110001
10111001101111
10111110110110
11000100000111
11001001100000
11001111000001
11010100101001
11011010011000
11100000001011
11100110000011
11101011111111
11110001111101
11110111111110
11111101111111
00000100000001
00001010000011
00010000000011
00010110000000
00011011111011
00100001110001
00100111100011
00101101001111
00110010110101
00111000010100
00111101101010
01000010111000
01000111111100
01001100110110
01010001100101
01010110001001
01011010100000
01011110101010
01100010100111
01100110010110
01101001110111
01101101001000
01110000001010
01110010111100
01110101011101
01110111101110
01111001101110
01111011011101
01111100111010
01111110000101
01111110111110
01111111100110
01111111111011
01111111111110
01111111101111
01111111001110
01111110011010
01111101010101
01111011111110
01111010010101
01111000011011
01110110001111
01110011110011
01110001000111
01101110001010
01101010111110
01100111100011
01100011111001
01100000000000
01011011111010
01010111100111
01010011001000
01001110011100
01001001100110
01000100100101
00111111011010
00111010000111
00110100101011
00101111000111
00101001011101
00100011101101
00011101111000
00010111111111
00010010000010
00001100000011
00000110000010
