10010001001000
10001100011100
10001000011110
10000101010000
10000010110001
10000001000100
10000000001001
10000000000001
10000000101011
10000010000111
10000100010101
10000111010100
10001011000011
10001111011111
10010100101000
10011010011011
10100000110111
10100111111000
10101111011011
10110111011111
10111111111111
11001000111000
11010010001000
11011011101001
11100101011000
11101111010010
11111001010011
00000011010110
00001101011000
00010111010101
00100001001001
00101010101111
00110100000101
00111101000110
01000101101111
01001101111100
01010101101011
01011100111000
01100011100000
01101001100001
01101110111000
01110011100100
01110111100010
01111010110000
01111101001111
01111110111100
01111111110111
01111111111111
01111111010101
01111101111001
01111011101011
01111000101100
01110100111101
01110000100001
01101011011000
01100101100101
01011111001001
01011000001000
01010000100101
01001000100001
01000000000001
00110111001000
00101101111000
00100100010111
00011010101000
00010000101110
00000110101101
11111100101010
11110010101000
11101000101011
11011110110111
11010101010001
11001011111011
11000010111010
10111010010001
10110010000100
10101010010101
10100011001000
10011100100000
10010110011111
10010001001000
10001100011100
10001000011110
10000101010000
10000010110001
10000001000100
10000000001001
10000000000001
10000000101011
10000010000111
10000100010101
10000111010100
10001011000011
10001111011111
10010100101000
10011010011011
10100000110111
10100111111000
10101111011011
10110111011111
10111111111111
11001000111000
11010010001000
11011011101001
11100101011000
11101111010010
11111001010011
00000011010110
00001101011000
00010111010101
00100001001001
00101010101111
00110100000101
00111101000110
01000101101111
01001101111100
01010101101011
01011100111000
01100011100000
01101001100001
01101110111000
01110011100100
01110111100010
01111010110000
01111101001111
01111110111100
01111111110111
01111111111111
01111111010101
01111101111001
01111011101011
01111000101100
01110100111101
01110000100001
01101011011000
01100101100101
01011111001001
01011000001000
01010000100101
01001000100001
01000000000001
00110111001000
00101101111000
00100100010111
00011010101000
00010000101110
00000110101101
11111100101010
11110010101000
11101000101011
11011110110111
11010101010001
11001011111011
11000010111010
10111010010001
10110010000100
10101010010101
10100011001000
10011100100000
10010110011111
10010001001000
10001100011100
10001000011110
10000101010000
10000010110001
10000001000100
10000000001001
10000000000001
10000000101011
10000010000111
10000100010101
10000111010100
10001011000011
10001111011111
10010100101000
10011010011011
10100000110111
10100111111000
10101111011011
10110111011111
10111111111111
11001000111000
11010010001000
11011011101001
11100101011000
11101111010010
11111001010011
00000011010110
00001101011000
00010111010101
00100001001001
00101010101111
00110100000101
00111101000110
01000101101111
01001101111100
01010101101011
01011100111000
01100011100000
01101001100001
01101110111000
01110011100100
01110111100010
01111010110000
01111101001111
01111110111100
01111111110111
01111111111111
01111111010101
01111101111001
01111011101011
01111000101100
01110100111101
01110000100001
01101011011000
01100101100101
01011111001001
01011000001000
01010000100101
01001000100001
01000000000001
00110111001000
00101101111000
00100100010111
00011010101000
00010000101110
00000110101101
11111100101010
11110010101000
11101000101011
11011110110111
11010101010001
11001011111011
11000010111010
10111010010001
10110010000100
10101010010101
10100011001000
10011100100000
10010110011111
10010001001000
10001100011100
10001000011110
10000101010000
10000010110001
10000001000100
10000000001001
10000000000001
10000000101011
10000010000111
10000100010101
10000111010100
10001011000011
10001111011111
10010100101000
10011010011011
10100000110111
10100111111000
10101111011011
10110111011111
10111111111111
11001000111000
11010010001000
11011011101001
11100101011000
11101111010010
11111001010011
00000011010110
00001101011000
00010111010101
00100001001001
00101010101111
00110100000101
00111101000110
01000101101111
01001101111100
01010101101011
01011100111000
01100011100000
01101001100001
01101110111000
01110011100100
01110111100010
01111010110000
01111101001111
01111110111100
01111111110111
01111111111111
01111111010101
01111101111001
01111011101011
01111000101100
01110100111101
01110000100001
01101011011000
01100101100101
01011111001001
01011000001000
01010000100101
01001000100001
01000000000001
00110111001000
00101101111000
00100100010111
00011010101000
00010000101110
00000110101101
11111100101010
11110010101000
11101000101011
11011110110111
11010101010001
11001011111011
11000010111010
10111010010001
10110010000100
10101010010101
10100011001000
10011100100000
10010110011111
10010001001000
10001100011100
10001000011110
10000101010000
10000010110001
10000001000100
10000000001001
10000000000001
10000000101011
10000010000111
10000100010101
10000111010100
10001011000011
10001111011111
10010100101000
10011010011011
10100000110111
10100111111000
10101111011011
10110111011111
10111111111111
11001000111000
11010010001000
11011011101001
11100101011000
11101111010010
11111001010011
00000011010110
00001101011000
00010111010101
00100001001001
00101010101111
00110100000101
00111101000110
01000101101111
01001101111100
01010101101011
01011100111000
01100011100000
01101001100001
01101110111000
01110011100100
01110111100010
01111010110000
01111101001111
01111110111100
01111111110111
01111111111111
01111111010101
01111101111001
01111011101011
01111000101100
01110100111101
01110000100001
01101011011000
01100101100101
01011111001001
01011000001000
01010000100101
01001000100001
01000000000001
00110111001000
00101101111000
00100100010111
00011010101000
00010000101110
00000110101101
11111100101010
11110010101000
11101000101011
11011110110111
11010101010001
11001011111011
11000010111010
10111010010001
10110010000100
10101010010101
10100011001000
10011100100000
10010110011111
10010001001000
10001100011100
10001000011110
10000101010000
10000010110001
10000001000100
10000000001001
10000000000001
10000000101011
10000010000111
10000100010101
10000111010100
10001011000011
10001111011111
10010100101000
10011010011011
10100000110111
10100111111000
10101111011011
10110111011111
10111111111111
11001000111000
11010010001000
11011011101001
11100101011000
11101111010010
11111001010011
00000011010110
00001101011000
00010111010101
00100001001001
00101010101111
00110100000101
00111101000110
01000101101111
01001101111100
01010101101011
01011100111000
01100011100000
01101001100001
01101110111000
01110011100100
01110111100010
01111010110000
01111101001111
01111110111100
01111111110111
01111111111111
01111111010101
01111101111001
01111011101011
01111000101100
01110100111101
01110000100001
01101011011000
01100101100101
01011111001001
01011000001000
01010000100101
01001000100001
01000000000001
00110111001000
00101101111000
00100100010111
00011010101000
00010000101110
00000110101101
11111100101010
11110010101000
11101000101011
11011110110111
11010101010001
11001011111011
11000010111010
10111010010001
10110010000100
10101010010101
10100011001000
10011100100000
10010110011111
10010001001000
10001100011100
10001000011110
10000101010000
10000010110001
10000001000100
10000000001001
10000000000001
10000000101011
10000010000111
10000100010101
10000111010100
10001011000011
10001111011111
10010100101000
10011010011011
10100000110111
10100111111000
10101111011011
10110111011111
10111111111111
11001000111000
11010010001000
11011011101001
11100101011000
11101111010010
11111001010011
00000011010110
00001101011000
00010111010101
00100001001001
00101010101111
00110100000101
00111101000110
01000101101111
01001101111100
01010101101011
01011100111000
01100011100000
01101001100001
01101110111000
01110011100100
01110111100010
01111010110000
01111101001111
01111110111100
01111111110111
01111111111111
01111111010101
01111101111001
01111011101011
01111000101100
01110100111101
01110000100001
01101011011000
01100101100101
01011111001001
01011000001000
01010000100101
01001000100001
01000000000001
00110111001000
00101101111000
00100100010111
00011010101000
00010000101110
00000110101101
11111100101010
11110010101000
11101000101011
11011110110111
11010101010001
11001011111011
11000010111010
10111010010001
10110010000100
10101010010101
10100011001000
10011100100000
10010110011111
10010001001000
10001100011100
10001000011110
10000101010000
10000010110001
10000001000100
10000000001001
10000000000001
10000000101011
10000010000111
10000100010101
10000111010100
10001011000011
10001111011111
10010100101000
10011010011011
10100000110111
10100111111000
10101111011011
10110111011111
10111111111111
11001000111000
11010010001000
11011011101001
11100101011000
11101111010010
11111001010011
00000011010110
00001101011000
00010111010101
00100001001001
00101010101111
00110100000101
00111101000110
01000101101111
01001101111100
01010101101011
01011100111000
01100011100000
01101001100001
01101110111000
01110011100100
01110111100010
01111010110000
01111101001111
01111110111100
01111111110111
01111111111111
01111111010101
01111101111001
01111011101011
01111000101100
01110100111101
01110000100001
01101011011000
01100101100101
01011111001001
01011000001000
01010000100101
01001000100001
01000000000001
00110111001000
00101101111000
00100100010111
00011010101000
00010000101110
00000110101101
11111100101010
11110010101000
11101000101011
11011110110111
11010101010001
11001011111011
11000010111010
10111010010001
10110010000100
10101010010101
10100011001000
10011100100000
10010110011111
10010001001000
10001100011100
10001000011110
10000101010000
10000010110001
10000001000100
10000000001001
10000000000001
10000000101011
10000010000111
10000100010101
10000111010100
10001011000011
10001111011111
10010100101000
10011010011011
10100000110111
10100111111000
10101111011011
10110111011111
10111111111111
11001000111000
11010010001000
11011011101001
11100101011000
11101111010010
11111001010011
00000011010110
00001101011000
00010111010101
00100001001001
00101010101111
00110100000101
00111101000110
01000101101111
01001101111100
01010101101011
01011100111000
01100011100000
01101001100001
01101110111000
01110011100100
01110111100010
01111010110000
01111101001111
01111110111100
01111111110111
01111111111111
01111111010101
01111101111001
01111011101011
01111000101100
01110100111101
01110000100001
01101011011000
01100101100101
01011111001001
01011000001000
01010000100101
01001000100001
01000000000001
00110111001000
00101101111000
00100100010111
00011010101000
00010000101110
00000110101101
11111100101010
11110010101000
11101000101011
11011110110111
11010101010001
11001011111011
11000010111010
10111010010001
10110010000100
10101010010101
10100011001000
10011100100000
10010110011111
10010001001000
10001100011100
10001000011110
10000101010000
10000010110001
10000001000100
10000000001001
10000000000001
10000000101011
10000010000111
10000100010101
10000111010100
10001011000011
10001111011111
10010100101000
10011010011011
10100000110111
10100111111000
10101111011011
10110111011111
10111111111111
11001000111000
11010010001000
11011011101001
11100101011000
11101111010010
11111001010011
00000011010110
00001101011000
00010111010101
00100001001001
00101010101111
00110100000101
00111101000110
01000101101111
01001101111100
01010101101011
01011100111000
01100011100000
01101001100001
01101110111000
01110011100100
01110111100010
01111010110000
01111101001111
01111110111100
01111111110111
01111111111111
01111111010101
01111101111001
01111011101011
01111000101100
01110100111101
01110000100001
01101011011000
01100101100101
01011111001001
01011000001000
01010000100101
01001000100001
01000000000001
00110111001000
00101101111000
00100100010111
00011010101000
00010000101110
00000110101101
11111100101010
11110010101000
11101000101011
11011110110111
11010101010001
11001011111011
11000010111010
10111010010001
10110010000100
10101010010101
10100011001000
10011100100000
10010110011111
10010001001000
10001100011100
10001000011110
10000101010000
10000010110001
10000001000100
10000000001001
10000000000001
10000000101011
10000010000111
10000100010101
10000111010100
10001011000011
10001111011111
10010100101000
10011010011011
10100000110111
10100111111000
10101111011011
10110111011111
10111111111111
11001000111000
11010010001000
11011011101001
11100101011000
11101111010010
11111001010011
00000011010110
00001101011000
00010111010101
00100001001001
00101010101111
00110100000101
00111101000110
01000101101111
01001101111100
01010101101011
01011100111000
01100011100000
01101001100001
01101110111000
01110011100100
01110111100010
01111010110000
01111101001111
01111110111100
01111111110111
01111111111111
01111111010101
01111101111001
01111011101011
01111000101100
01110100111101
01110000100001
01101011011000
01100101100101
01011111001001
01011000001000
01010000100101
01001000100001
01000000000001
00110111001000
00101101111000
00100100010111
00011010101000
00010000101110
00000110101101
11111100101010
11110010101000
11101000101011
11011110110111
11010101010001
11001011111011
11000010111010
10111010010001
10110010000100
10101010010101
10100011001000
10011100100000
10010110011111
10010001001000
10001100011100
10001000011110
10000101010000
10000010110001
10000001000100
10000000001001
10000000000001
10000000101011
10000010000111
10000100010101
10000111010100
10001011000011
10001111011111
10010100101000
10011010011011
10100000110111
10100111111000
10101111011011
10110111011111
10111111111111
11001000111000
11010010001000
11011011101001
11100101011000
11101111010010
11111001010011
00000011010110
00001101011000
00010111010101
00100001001001
00101010101111
00110100000101
00111101000110
01000101101111
01001101111100
01010101101011
01011100111000
01100011100000
01101001100001
01101110111000
01110011100100
01110111100010
01111010110000
01111101001111
01111110111100
01111111110111
01111111111111
01111111010101
01111101111001
01111011101011
01111000101100
01110100111101
01110000100001
01101011011000
01100101100101
01011111001001
01011000001000
01010000100101
01001000100001
01000000000001
00110111001000
00101101111000
00100100010111
00011010101000
00010000101110
00000110101101
11111100101010
11110010101000
11101000101011
11011110110111
11010101010001
11001011111011
11000010111010
10111010010001
10110010000100
10101010010101
10100011001000
10011100100000
10010110011111
10010001001000
10001100011100
10001000011110
10000101010000
10000010110001
10000001000100
10000000001001
10000000000001
10000000101011
10000010000111
10000100010101
10000111010100
10001011000011
10001111011111
10010100101000
10011010011011
10100000110111
10100111111000
10101111011011
10110111011111
10111111111111
11001000111000
11010010001000
11011011101001
11100101011000
11101111010010
11111001010011
00000011010110
00001101011000
00010111010101
00100001001001
00101010101111
00110100000101
00111101000110
01000101101111
01001101111100
01010101101011
01011100111000
01100011100000
01101001100001
01101110111000
01110011100100
01110111100010
01111010110000
01111101001111
01111110111100
01111111110111
01111111111111
01111111010101
01111101111001
01111011101011
01111000101100
01110100111101
01110000100001
01101011011000
01100101100101
01011111001001
01011000001000
01010000100101
01001000100001
01000000000001
00110111001000
00101101111000
00100100010111
00011010101000
00010000101110
00000110101101
11111100101010
11110010101000
11101000101011
11011110110111
11010101010001
11001011111011
11000010111010
10111010010001
10110010000100
10101010010101
10100011001000
10011100100000
10010110011111
10010001001000
10001100011100
10001000011110
10000101010000
10000010110001
10000001000100
10000000001001
10000000000001
10000000101011
10000010000111
10000100010101
10000111010100
10001011000011
10001111011111
10010100101000
10011010011011
10100000110111
10100111111000
10101111011011
10110111011111
10111111111111
11001000111000
11010010001000
11011011101001
11100101011000
11101111010010
11111001010011
00000011010110
00001101011000
00010111010101
00100001001001
00101010101111
00110100000101
00111101000110
01000101101111
01001101111100
01010101101011
01011100111000
01100011100000
01101001100001
01101110111000
01110011100100
01110111100010
01111010110000
01111101001111
01111110111100
01111111110111
01111111111111
01111111010101
01111101111001
01111011101011
01111000101100
01110100111101
01110000100001
01101011011000
01100101100101
01011111001001
01011000001000
01010000100101
01001000100001
01000000000001
00110111001000
00101101111000
00100100010111
00011010101000
00010000101110
00000110101101
11111100101010
11110010101000
11101000101011
11011110110111
11010101010001
11001011111011
11000010111010
10111010010001
10110010000100
10101010010101
10100011001000
10011100100000
10010110011111
10010001001000
10001100011100
10001000011110
10000101010000
10000010110001
10000001000100
10000000001001
10000000000001
10000000101011
10000010000111
10000100010101
10000111010100
10001011000011
10001111011111
10010100101000
10011010011011
10100000110111
10100111111000
10101111011011
10110111011111
10111111111111
11001000111000
11010010001000
11011011101001
11100101011000
11101111010010
11111001010011
00000011010110
00001101011000
00010111010101
00100001001001
00101010101111
00110100000101
00111101000110
01000101101111
01001101111100
01010101101011
01011100111000
01100011100000
01101001100001
01101110111000
01110011100100
01110111100010
01111010110000
01111101001111
01111110111100
01111111110111
01111111111111
01111111010101
01111101111001
01111011101011
01111000101100
01110100111101
01110000100001
01101011011000
01100101100101
01011111001001
01011000001000
01010000100101
01001000100001
01000000000001
00110111001000
00101101111000
00100100010111
00011010101000
00010000101110
00000110101101
11111100101010
11110010101000
11101000101011
11011110110111
11010101010001
11001011111011
11000010111010
10111010010001
10110010000100
10101010010101
10100011001000
10011100100000
10010110011111
10010001001000
10001100011100
10001000011110
10000101010000
10000010110001
10000001000100
10000000001001
10000000000001
10000000101011
10000010000111
10000100010101
10000111010100
10001011000011
10001111011111
10010100101000
10011010011011
10100000110111
10100111111000
10101111011011
10110111011111
10111111111111
11001000111000
11010010001000
11011011101001
11100101011000
11101111010010
11111001010011
00000011010110
00001101011000
00010111010101
00100001001001
00101010101111
00110100000101
00111101000110
01000101101111
01001101111100
01010101101011
01011100111000
01100011100000
01101001100001
01101110111000
01110011100100
01110111100010
01111010110000
01111101001111
01111110111100
01111111110111
01111111111111
01111111010101
01111101111001
01111011101011
01111000101100
01110100111101
01110000100001
01101011011000
01100101100101
01011111001001
01011000001000
01010000100101
01001000100001
01000000000001
00110111001000
00101101111000
00100100010111
00011010101000
00010000101110
00000110101101
11111100101010
11110010101000
11101000101011
11011110110111
11010101010001
11001011111011
11000010111010
10111010010001
10110010000100
10101010010101
10100011001000
10011100100000
10010110011111
10010001001000
10001100011100
10001000011110
10000101010000
10000010110001
10000001000100
10000000001001
10000000000001
10000000101011
10000010000111
10000100010101
10000111010100
10001011000011
10001111011111
10010100101000
10011010011011
10100000110111
10100111111000
10101111011011
10110111011111
10111111111111
11001000111000
11010010001000
11011011101001
11100101011000
11101111010010
11111001010011
00000011010110
00001101011000
00010111010101
00100001001001
00101010101111
00110100000101
00111101000110
01000101101111
01001101111100
01010101101011
01011100111000
01100011100000
01101001100001
01101110111000
01110011100100
01110111100010
01111010110000
01111101001111
01111110111100
01111111110111
01111111111111
01111111010101
01111101111001
01111011101011
01111000101100
01110100111101
01110000100001
01101011011000
01100101100101
01011111001001
01011000001000
01010000100101
01001000100001
01000000000001
00110111001000
00101101111000
00100100010111
00011010101000
00010000101110
00000110101101
11111100101010
11110010101000
11101000101011
11011110110111
11010101010001
11001011111011
11000010111010
10111010010001
10110010000100
10101010010101
10100011001000
10011100100000
10010110011111
10010001001000
10001100011100
10001000011110
10000101010000
10000010110001
10000001000100
10000000001001
10000000000001
10000000101011
10000010000111
10000100010101
10000111010100
10001011000011
10001111011111
10010100101000
10011010011011
10100000110111
10100111111000
10101111011011
10110111011111
10111111111111
11001000111000
11010010001000
11011011101001
11100101011000
11101111010010
11111001010011
00000011010110
00001101011000
00010111010101
00100001001001
00101010101111
00110100000101
00111101000110
01000101101111
01001101111100
01010101101011
01011100111000
01100011100000
01101001100001
01101110111000
01110011100100
01110111100010
01111010110000
01111101001111
01111110111100
01111111110111
01111111111111
01111111010101
01111101111001
01111011101011
01111000101100
01110100111101
01110000100001
01101011011000
01100101100101
01011111001001
01011000001000
01010000100101
01001000100001
01000000000001
00110111001000
00101101111000
00100100010111
00011010101000
00010000101110
00000110101101
11111100101010
11110010101000
11101000101011
11011110110111
11010101010001
11001011111011
11000010111010
10111010010001
10110010000100
10101010010101
10100011001000
10011100100000
10010110011111
10010001001000
10001100011100
10001000011110
10000101010000
10000010110001
10000001000100
10000000001001
10000000000001
10000000101011
10000010000111
10000100010101
10000111010100
10001011000011
10001111011111
10010100101000
10011010011011
10100000110111
10100111111000
10101111011011
10110111011111
10111111111111
11001000111000
11010010001000
11011011101001
11100101011000
11101111010010
11111001010011
00000011010110
00001101011000
00010111010101
00100001001001
00101010101111
00110100000101
00111101000110
01000101101111
01001101111100
01010101101011
01011100111000
01100011100000
01101001100001
01101110111000
01110011100100
01110111100010
01111010110000
01111101001111
01111110111100
01111111110111
01111111111111
01111111010101
01111101111001
01111011101011
01111000101100
01110100111101
01110000100001
01101011011000
01100101100101
01011111001001
01011000001000
01010000100101
01001000100001
01000000000001
00110111001000
00101101111000
00100100010111
00011010101000
00010000101110
00000110101101
11111100101010
11110010101000
11101000101011
11011110110111
11010101010001
11001011111011
11000010111010
10111010010001
10110010000100
10101010010101
10100011001000
10011100100000
10010110011111
10010001001000
10001100011100
10001000011110
10000101010000
10000010110001
10000001000100
10000000001001
10000000000001
10000000101011
10000010000111
10000100010101
10000111010100
10001011000011
10001111011111
10010100101000
10011010011011
10100000110111
10100111111000
10101111011011
10110111011111
10111111111111
11001000111000
11010010001000
11011011101001
11100101011000
11101111010010
11111001010011
00000011010110
00001101011000
00010111010101
00100001001001
00101010101111
00110100000101
00111101000110
01000101101111
01001101111100
01010101101011
01011100111000
01100011100000
01101001100001
01101110111000
01110011100100
01110111100010
01111010110000
01111101001111
01111110111100
01111111110111
01111111111111
01111111010101
01111101111001
01111011101011
01111000101100
01110100111101
01110000100001
01101011011000
01100101100101
01011111001001
01011000001000
01010000100101
01001000100001
01000000000001
00110111001000
00101101111000
00100100010111
00011010101000
00010000101110
00000110101101
11111100101010
11110010101000
11101000101011
11011110110111
11010101010001
11001011111011
11000010111010
10111010010001
10110010000100
10101010010101
10100011001000
10011100100000
10010110011111
