00000000000000
11111011111111
11110111111110
11110011111101
11101111111101
11101011111111
11101000000001
11100100000101
11100000001011
11011100010011
11011000011101
11010100101001
11010000111001
11001101001011
11001001100000
11000101111001
11000010010110
10111110110110
10111011011011
10111000000100
10110100110001
10110001100100
10101110011011
10101011010111
10101000011001
10100101100000
10100010101101
10100000000000
10011101011001
10011010111000
10011000011101
10010110001001
10010011111100
10010001110110
10001111110110
10001101111110
10001100001101
10001010100011
10001001000000
10000111100101
10000110010010
10000101000110
10000100000010
10000011000110
10000010010010
10000001100110
10000001000010
10000000100101
10000000010001
10000000000101
10000000000001
10000000000101
10000000010001
10000000100101
10000001000010
10000001100110
10000010010010
10000011000110
10000100000010
10000101000110
10000110010010
10000111100101
10001001000000
10001010100011
10001100001101
10001101111110
10001111110110
10010001110110
10010011111100
10010110001001
10011000011101
10011010111000
10011101011001
10100000000000
10100010101101
10100101100000
10101000011001
10101011010111
10101110011011
10110001100100
10110100110001
10111000000100
10111011011011
10111110110110
11000010010110
11000101111001
11001001100000
11001101001011
11010000111001
11010100101001
11011000011101
11011100010011
11100000001011
11100100000101
11101000000001
11101011111111
11101111111101
11110011111101
11110111111110
11111011111111
00000000000000
00000100000001
00001000000010
00001100000011
00010000000011
00010100000001
00010111111111
00011011111011
00011111110101
00100011101101
00100111100011
00101011010111
00101111000111
00110010110101
00110110100000
00111010000111
00111101101010
01000001001010
01000100100101
01000111111100
01001011001111
01001110011100
01010001100101
01010100101001
01010111100111
01011010100000
01011101010011
01100000000000
01100010100111
01100101001000
01100111100011
01101001110111
01101100000100
01101110001010
01110000001010
01110010000010
01110011110011
01110101011101
01110111000000
01111000011011
01111001101110
01111010111010
01111011111110
01111100111010
01111101101110
01111110011010
01111110111110
01111111011011
01111111101111
01111111111011
01111111111111
01111111111011
01111111101111
01111111011011
01111110111110
01111110011010
01111101101110
01111100111010
01111011111110
01111010111010
01111001101110
01111000011011
01110111000000
01110101011101
01110011110011
01110010000010
01110000001010
01101110001010
01101100000100
01101001110111
01100111100011
01100101001000
01100010100111
01100000000000
01011101010011
01011010100000
01010111100111
01010100101001
01010001100101
01001110011100
01001011001111
01000111111100
01000100100101
01000001001010
00111101101010
00111010000111
00110110100000
00110010110101
00101111000111
00101011010111
00100111100011
00100011101101
00011111110101
00011011111011
00010111111111
00010100000001
00010000000011
00001100000011
00001000000010
00000100000001
00000000000000
11111011111111
11110111111110
11110011111101
11101111111101
11101011111111
11101000000001
11100100000101
11100000001011
11011100010011
11011000011101
11010100101001
11010000111001
11001101001011
11001001100000
11000101111001
11000010010110
10111110110110
10111011011011
10111000000100
10110100110001
10110001100100
10101110011011
10101011010111
10101000011001
10100101100000
10100010101101
10100000000000
10011101011001
10011010111000
10011000011101
10010110001001
10010011111100
10010001110110
10001111110110
10001101111110
10001100001101
10001010100011
10001001000000
10000111100101
10000110010010
10000101000110
10000100000010
10000011000110
10000010010010
10000001100110
10000001000010
10000000100101
10000000010001
10000000000101
10000000000001
10000000000101
10000000010001
10000000100101
10000001000010
10000001100110
10000010010010
10000011000110
10000100000010
10000101000110
10000110010010
10000111100101
10001001000000
10001010100011
10001100001101
10001101111110
10001111110110
10010001110110
10010011111100
10010110001001
10011000011101
10011010111000
10011101011001
10100000000000
10100010101101
10100101100000
10101000011001
10101011010111
10101110011011
10110001100100
10110100110001
10111000000100
10111011011011
10111110110110
11000010010110
11000101111001
11001001100000
11001101001011
11010000111001
11010100101001
11011000011101
11011100010011
11100000001011
11100100000101
11101000000001
11101011111111
11101111111101
11110011111101
11110111111110
11111011111111
00000000000000
00000100000001
00001000000010
00001100000011
00010000000011
00010100000001
00010111111111
00011011111011
00011111110101
00100011101101
00100111100011
00101011010111
00101111000111
00110010110101
00110110100000
00111010000111
00111101101010
01000001001010
01000100100101
01000111111100
01001011001111
01001110011100
01010001100101
01010100101001
01010111100111
01011010100000
01011101010011
01100000000000
01100010100111
01100101001000
01100111100011
01101001110111
01101100000100
01101110001010
01110000001010
01110010000010
01110011110011
01110101011101
01110111000000
01111000011011
01111001101110
01111010111010
01111011111110
01111100111010
01111101101110
01111110011010
01111110111110
01111111011011
01111111101111
01111111111011
01111111111111
01111111111011
01111111101111
01111111011011
01111110111110
01111110011010
01111101101110
01111100111010
01111011111110
01111010111010
01111001101110
01111000011011
01110111000000
01110101011101
01110011110011
01110010000010
01110000001010
01101110001010
01101100000100
01101001110111
01100111100011
01100101001000
01100010100111
01100000000000
01011101010011
01011010100000
01010111100111
01010100101001
01010001100101
01001110011100
01001011001111
01000111111100
01000100100101
01000001001010
00111101101010
00111010000111
00110110100000
00110010110101
00101111000111
00101011010111
00100111100011
00100011101101
00011111110101
00011011111011
00010111111111
00010100000001
00010000000011
00001100000011
00001000000010
00000100000001
00000000000000
11111011111111
11110111111110
11110011111101
11101111111101
11101011111111
11101000000001
11100100000101
11100000001011
11011100010011
11011000011101
11010100101001
11010000111001
11001101001011
11001001100000
11000101111001
11000010010110
10111110110110
10111011011011
10111000000100
10110100110001
10110001100100
10101110011011
10101011010111
10101000011001
10100101100000
10100010101101
10100000000000
10011101011001
10011010111000
10011000011101
10010110001001
10010011111100
10010001110110
10001111110110
10001101111110
10001100001101
10001010100011
10001001000000
10000111100101
10000110010010
10000101000110
10000100000010
10000011000110
10000010010010
10000001100110
10000001000010
10000000100101
10000000010001
10000000000101
10000000000001
10000000000101
10000000010001
10000000100101
10000001000010
10000001100110
10000010010010
10000011000110
10000100000010
10000101000110
10000110010010
10000111100101
10001001000000
10001010100011
10001100001101
10001101111110
10001111110110
10010001110110
10010011111100
10010110001001
10011000011101
10011010111000
10011101011001
10100000000000
10100010101101
10100101100000
10101000011001
10101011010111
10101110011011
10110001100100
10110100110001
10111000000100
10111011011011
10111110110110
11000010010110
11000101111001
11001001100000
11001101001011
11010000111001
11010100101001
11011000011101
11011100010011
11100000001011
11100100000101
11101000000001
11101011111111
11101111111101
11110011111101
11110111111110
11111011111111
00000000000000
00000100000001
00001000000010
00001100000011
00010000000011
00010100000001
00010111111111
00011011111011
00011111110101
00100011101101
00100111100011
00101011010111
00101111000111
00110010110101
00110110100000
00111010000111
00111101101010
01000001001010
01000100100101
01000111111100
01001011001111
01001110011100
01010001100101
01010100101001
01010111100111
01011010100000
01011101010011
01100000000000
01100010100111
01100101001000
01100111100011
01101001110111
01101100000100
01101110001010
01110000001010
01110010000010
01110011110011
01110101011101
01110111000000
01111000011011
01111001101110
01111010111010
01111011111110
01111100111010
01111101101110
01111110011010
01111110111110
01111111011011
01111111101111
01111111111011
01111111111111
01111111111011
01111111101111
01111111011011
01111110111110
01111110011010
01111101101110
01111100111010
01111011111110
01111010111010
01111001101110
01111000011011
01110111000000
01110101011101
01110011110011
01110010000010
01110000001010
01101110001010
01101100000100
01101001110111
01100111100011
01100101001000
01100010100111
01100000000000
01011101010011
01011010100000
01010111100111
01010100101001
01010001100101
01001110011100
01001011001111
01000111111100
01000100100101
01000001001010
00111101101010
00111010000111
00110110100000
00110010110101
00101111000111
00101011010111
00100111100011
00100011101101
00011111110101
00011011111011
00010111111111
00010100000001
00010000000011
00001100000011
00001000000010
00000100000001
00000000000000
11111011111111
11110111111110
11110011111101
11101111111101
11101011111111
11101000000001
11100100000101
11100000001011
11011100010011
11011000011101
11010100101001
11010000111001
11001101001011
11001001100000
11000101111001
11000010010110
10111110110110
10111011011011
10111000000100
10110100110001
10110001100100
10101110011011
10101011010111
10101000011001
10100101100000
10100010101101
10100000000000
10011101011001
10011010111000
10011000011101
10010110001001
10010011111100
10010001110110
10001111110110
10001101111110
10001100001101
10001010100011
10001001000000
10000111100101
10000110010010
10000101000110
10000100000010
10000011000110
10000010010010
10000001100110
10000001000010
10000000100101
10000000010001
10000000000101
10000000000001
10000000000101
10000000010001
10000000100101
10000001000010
10000001100110
10000010010010
10000011000110
10000100000010
10000101000110
10000110010010
10000111100101
10001001000000
10001010100011
10001100001101
10001101111110
10001111110110
10010001110110
10010011111100
10010110001001
10011000011101
10011010111000
10011101011001
10100000000000
10100010101101
10100101100000
10101000011001
10101011010111
10101110011011
10110001100100
10110100110001
10111000000100
10111011011011
10111110110110
11000010010110
11000101111001
11001001100000
11001101001011
11010000111001
11010100101001
11011000011101
11011100010011
11100000001011
11100100000101
11101000000001
11101011111111
11101111111101
11110011111101
11110111111110
11111011111111
00000000000000
00000100000001
00001000000010
00001100000011
00010000000011
00010100000001
00010111111111
00011011111011
00011111110101
00100011101101
00100111100011
00101011010111
00101111000111
00110010110101
00110110100000
00111010000111
00111101101010
01000001001010
01000100100101
01000111111100
01001011001111
01001110011100
01010001100101
01010100101001
01010111100111
01011010100000
01011101010011
01100000000000
01100010100111
01100101001000
01100111100011
01101001110111
01101100000100
01101110001010
01110000001010
01110010000010
01110011110011
01110101011101
01110111000000
01111000011011
01111001101110
01111010111010
01111011111110
01111100111010
01111101101110
01111110011010
01111110111110
01111111011011
01111111101111
01111111111011
01111111111111
01111111111011
01111111101111
01111111011011
01111110111110
01111110011010
01111101101110
01111100111010
01111011111110
01111010111010
01111001101110
01111000011011
01110111000000
01110101011101
01110011110011
01110010000010
01110000001010
01101110001010
01101100000100
01101001110111
01100111100011
01100101001000
01100010100111
01100000000000
01011101010011
01011010100000
01010111100111
01010100101001
01010001100101
01001110011100
01001011001111
01000111111100
01000100100101
01000001001010
00111101101010
00111010000111
00110110100000
00110010110101
00101111000111
00101011010111
00100111100011
00100011101101
00011111110101
00011011111011
00010111111111
00010100000001
00010000000011
00001100000011
00001000000010
00000100000001
00000000000000
11111011111111
11110111111110
11110011111101
11101111111101
11101011111111
11101000000001
11100100000101
11100000001011
11011100010011
11011000011101
11010100101001
11010000111001
11001101001011
11001001100000
11000101111001
11000010010110
10111110110110
10111011011011
10111000000100
10110100110001
10110001100100
10101110011011
10101011010111
10101000011001
10100101100000
10100010101101
10100000000000
10011101011001
10011010111000
10011000011101
10010110001001
10010011111100
10010001110110
10001111110110
10001101111110
10001100001101
10001010100011
10001001000000
10000111100101
10000110010010
10000101000110
10000100000010
10000011000110
10000010010010
10000001100110
10000001000010
10000000100101
10000000010001
10000000000101
10000000000001
10000000000101
10000000010001
10000000100101
10000001000010
10000001100110
10000010010010
10000011000110
10000100000010
10000101000110
10000110010010
10000111100101
10001001000000
10001010100011
10001100001101
10001101111110
10001111110110
10010001110110
10010011111100
10010110001001
10011000011101
10011010111000
10011101011001
10100000000000
10100010101101
10100101100000
10101000011001
10101011010111
10101110011011
10110001100100
10110100110001
10111000000100
10111011011011
10111110110110
11000010010110
11000101111001
11001001100000
11001101001011
11010000111001
11010100101001
11011000011101
11011100010011
11100000001011
11100100000101
11101000000001
11101011111111
11101111111101
11110011111101
11110111111110
11111011111111
00000000000000
00000100000001
00001000000010
00001100000011
00010000000011
00010100000001
00010111111111
00011011111011
00011111110101
00100011101101
00100111100011
00101011010111
00101111000111
00110010110101
00110110100000
00111010000111
00111101101010
01000001001010
01000100100101
01000111111100
01001011001111
01001110011100
01010001100101
01010100101001
01010111100111
01011010100000
01011101010011
01100000000000
01100010100111
01100101001000
01100111100011
01101001110111
01101100000100
01101110001010
01110000001010
01110010000010
01110011110011
01110101011101
01110111000000
01111000011011
01111001101110
01111010111010
01111011111110
01111100111010
01111101101110
01111110011010
01111110111110
01111111011011
01111111101111
01111111111011
01111111111111
01111111111011
01111111101111
01111111011011
01111110111110
01111110011010
01111101101110
01111100111010
01111011111110
01111010111010
01111001101110
01111000011011
01110111000000
01110101011101
01110011110011
01110010000010
01110000001010
01101110001010
01101100000100
01101001110111
01100111100011
01100101001000
01100010100111
01100000000000
01011101010011
01011010100000
01010111100111
01010100101001
01010001100101
01001110011100
01001011001111
01000111111100
01000100100101
01000001001010
00111101101010
00111010000111
00110110100000
00110010110101
00101111000111
00101011010111
00100111100011
00100011101101
00011111110101
00011011111011
00010111111111
00010100000001
00010000000011
00001100000011
00001000000010
00000100000001
00000000000000
11111011111111
11110111111110
11110011111101
11101111111101
11101011111111
11101000000001
11100100000101
11100000001011
11011100010011
11011000011101
11010100101001
11010000111001
11001101001011
11001001100000
11000101111001
11000010010110
10111110110110
10111011011011
10111000000100
10110100110001
10110001100100
10101110011011
10101011010111
10101000011001
10100101100000
10100010101101
10100000000000
10011101011001
10011010111000
10011000011101
10010110001001
10010011111100
10010001110110
10001111110110
10001101111110
10001100001101
10001010100011
10001001000000
10000111100101
10000110010010
10000101000110
10000100000010
10000011000110
10000010010010
10000001100110
10000001000010
10000000100101
10000000010001
10000000000101
10000000000001
10000000000101
10000000010001
10000000100101
10000001000010
10000001100110
10000010010010
10000011000110
10000100000010
10000101000110
10000110010010
10000111100101
10001001000000
10001010100011
10001100001101
10001101111110
10001111110110
10010001110110
10010011111100
10010110001001
10011000011101
10011010111000
10011101011001
10100000000000
10100010101101
10100101100000
10101000011001
10101011010111
10101110011011
10110001100100
10110100110001
10111000000100
10111011011011
10111110110110
11000010010110
11000101111001
11001001100000
11001101001011
11010000111001
11010100101001
11011000011101
11011100010011
11100000001011
11100100000101
11101000000001
11101011111111
11101111111101
11110011111101
11110111111110
11111011111111
00000000000000
00000100000001
00001000000010
00001100000011
00010000000011
00010100000001
00010111111111
00011011111011
00011111110101
00100011101101
00100111100011
00101011010111
00101111000111
00110010110101
00110110100000
00111010000111
00111101101010
01000001001010
01000100100101
01000111111100
01001011001111
01001110011100
01010001100101
01010100101001
01010111100111
01011010100000
01011101010011
01100000000000
01100010100111
01100101001000
01100111100011
01101001110111
01101100000100
01101110001010
01110000001010
01110010000010
01110011110011
01110101011101
01110111000000
01111000011011
01111001101110
01111010111010
01111011111110
01111100111010
01111101101110
01111110011010
01111110111110
01111111011011
01111111101111
01111111111011
01111111111111
01111111111011
01111111101111
01111111011011
01111110111110
01111110011010
01111101101110
01111100111010
01111011111110
01111010111010
01111001101110
01111000011011
01110111000000
01110101011101
01110011110011
01110010000010
01110000001010
01101110001010
01101100000100
01101001110111
01100111100011
01100101001000
01100010100111
01100000000000
01011101010011
01011010100000
01010111100111
01010100101001
01010001100101
01001110011100
01001011001111
01000111111100
01000100100101
01000001001010
00111101101010
00111010000111
00110110100000
00110010110101
00101111000111
00101011010111
00100111100011
00100011101101
00011111110101
00011011111011
00010111111111
00010100000001
00010000000011
00001100000011
00001000000010
00000100000001
00000000000000
11111011111111
11110111111110
11110011111101
11101111111101
11101011111111
11101000000001
11100100000101
11100000001011
11011100010011
11011000011101
11010100101001
11010000111001
11001101001011
11001001100000
11000101111001
11000010010110
10111110110110
10111011011011
10111000000100
10110100110001
10110001100100
10101110011011
10101011010111
10101000011001
10100101100000
10100010101101
10100000000000
10011101011001
10011010111000
10011000011101
10010110001001
10010011111100
10010001110110
10001111110110
10001101111110
10001100001101
10001010100011
10001001000000
10000111100101
10000110010010
10000101000110
10000100000010
10000011000110
10000010010010
10000001100110
10000001000010
10000000100101
10000000010001
10000000000101
10000000000001
10000000000101
10000000010001
10000000100101
10000001000010
10000001100110
10000010010010
10000011000110
10000100000010
10000101000110
10000110010010
10000111100101
10001001000000
10001010100011
10001100001101
10001101111110
10001111110110
10010001110110
10010011111100
10010110001001
10011000011101
10011010111000
10011101011001
10100000000000
10100010101101
10100101100000
10101000011001
10101011010111
10101110011011
10110001100100
10110100110001
10111000000100
10111011011011
10111110110110
11000010010110
11000101111001
11001001100000
11001101001011
11010000111001
11010100101001
11011000011101
11011100010011
11100000001011
11100100000101
11101000000001
11101011111111
11101111111101
11110011111101
11110111111110
11111011111111
00000000000000
00000100000001
00001000000010
00001100000011
00010000000011
00010100000001
00010111111111
00011011111011
00011111110101
00100011101101
00100111100011
00101011010111
00101111000111
00110010110101
00110110100000
00111010000111
00111101101010
01000001001010
01000100100101
01000111111100
01001011001111
01001110011100
01010001100101
01010100101001
01010111100111
01011010100000
01011101010011
01100000000000
01100010100111
01100101001000
01100111100011
01101001110111
01101100000100
01101110001010
01110000001010
01110010000010
01110011110011
01110101011101
01110111000000
01111000011011
01111001101110
01111010111010
01111011111110
01111100111010
01111101101110
01111110011010
01111110111110
01111111011011
01111111101111
01111111111011
01111111111111
01111111111011
01111111101111
01111111011011
01111110111110
01111110011010
01111101101110
01111100111010
01111011111110
01111010111010
01111001101110
01111000011011
01110111000000
01110101011101
01110011110011
01110010000010
01110000001010
01101110001010
01101100000100
01101001110111
01100111100011
01100101001000
01100010100111
01100000000000
01011101010011
01011010100000
01010111100111
01010100101001
01010001100101
01001110011100
01001011001111
01000111111100
01000100100101
01000001001010
00111101101010
00111010000111
00110110100000
00110010110101
00101111000111
00101011010111
00100111100011
00100011101101
00011111110101
00011011111011
00010111111111
00010100000001
00010000000011
00001100000011
00001000000010
00000100000001
00000000000000
11111011111111
11110111111110
11110011111101
11101111111101
11101011111111
11101000000001
11100100000101
11100000001011
11011100010011
11011000011101
11010100101001
11010000111001
11001101001011
11001001100000
11000101111001
11000010010110
10111110110110
10111011011011
10111000000100
10110100110001
10110001100100
10101110011011
10101011010111
10101000011001
10100101100000
10100010101101
10100000000000
10011101011001
10011010111000
10011000011101
10010110001001
10010011111100
10010001110110
10001111110110
10001101111110
10001100001101
10001010100011
10001001000000
10000111100101
10000110010010
10000101000110
10000100000010
10000011000110
10000010010010
10000001100110
10000001000010
10000000100101
10000000010001
10000000000101
10000000000001
10000000000101
10000000010001
10000000100101
10000001000010
10000001100110
10000010010010
10000011000110
10000100000010
10000101000110
10000110010010
10000111100101
10001001000000
10001010100011
10001100001101
10001101111110
10001111110110
10010001110110
10010011111100
10010110001001
10011000011101
10011010111000
10011101011001
10100000000000
10100010101101
10100101100000
10101000011001
10101011010111
10101110011011
10110001100100
10110100110001
10111000000100
10111011011011
10111110110110
11000010010110
11000101111001
11001001100000
11001101001011
11010000111001
11010100101001
11011000011101
11011100010011
11100000001011
11100100000101
11101000000001
11101011111111
11101111111101
11110011111101
11110111111110
11111011111111
00000000000000
00000100000001
00001000000010
00001100000011
00010000000011
00010100000001
00010111111111
00011011111011
00011111110101
00100011101101
00100111100011
00101011010111
00101111000111
00110010110101
00110110100000
00111010000111
00111101101010
01000001001010
01000100100101
01000111111100
01001011001111
01001110011100
01010001100101
01010100101001
01010111100111
01011010100000
01011101010011
01100000000000
01100010100111
01100101001000
01100111100011
01101001110111
01101100000100
01101110001010
01110000001010
01110010000010
01110011110011
01110101011101
01110111000000
01111000011011
01111001101110
01111010111010
01111011111110
01111100111010
01111101101110
01111110011010
01111110111110
01111111011011
01111111101111
01111111111011
01111111111111
01111111111011
01111111101111
01111111011011
01111110111110
01111110011010
01111101101110
01111100111010
01111011111110
01111010111010
01111001101110
01111000011011
01110111000000
01110101011101
01110011110011
01110010000010
01110000001010
01101110001010
01101100000100
01101001110111
01100111100011
01100101001000
01100010100111
01100000000000
01011101010011
01011010100000
01010111100111
01010100101001
01010001100101
01001110011100
01001011001111
01000111111100
01000100100101
01000001001010
00111101101010
00111010000111
00110110100000
00110010110101
00101111000111
00101011010111
00100111100011
00100011101101
00011111110101
00011011111011
00010111111111
00010100000001
00010000000011
00001100000011
00001000000010
00000100000001
