10010001001000
10010110011111
10011100100000
10100011001000
10101010010101
10110010000100
10111010010001
11000010111010
11001011111011
11010101010001
11011110110111
11101000101011
11110010101000
11111100101010
00000110101101
00010000101110
00011010101000
00100100010111
00101101111000
00110111001000
01000000000001
01001000100001
01010000100101
01011000001000
01011111001001
01100101100101
01101011011000
01110000100001
01110100111101
01111000101100
01111011101011
01111101111001
01111111010101
01111111111111
01111111110111
01111110111100
01111101001111
01111010110000
01110111100010
01110011100100
01101110111000
01101001100001
01100011100000
01011100111000
01010101101011
01001101111100
01000101101111
00111101000110
00110100000101
00101010101111
00100001001001
00010111010101
00001101011000
00000011010110
11111001010011
11101111010010
11100101011000
11011011101001
11010010001000
11001000111000
10111111111111
10110111011111
10101111011011
10100111111000
10100000110111
10011010011011
10010100101000
10001111011111
10001011000011
10000111010100
10000100010101
10000010000111
10000000101011
10000000000001
10000000001001
10000001000100
10000010110001
10000101010000
10001000011110
10001100011100
10010001001000
10010110011111
10011100100000
10100011001000
10101010010101
10110010000100
10111010010001
11000010111010
11001011111011
11010101010001
11011110110111
11101000101011
11110010101000
11111100101010
00000110101101
00010000101110
00011010101000
00100100010111
00101101111000
00110111001000
01000000000001
01001000100001
01010000100101
01011000001000
01011111001001
01100101100101
01101011011000
01110000100001
01110100111101
01111000101100
01111011101011
01111101111001
01111111010101
01111111111111
01111111110111
01111110111100
01111101001111
01111010110000
01110111100010
01110011100100
01101110111000
01101001100001
01100011100000
01011100111000
01010101101011
01001101111100
01000101101111
00111101000110
00110100000101
00101010101111
00100001001001
00010111010101
00001101011000
00000011010110
11111001010011
11101111010010
11100101011000
11011011101001
11010010001000
11001000111000
10111111111111
10110111011111
10101111011011
10100111111000
10100000110111
10011010011011
10010100101000
10001111011111
10001011000011
10000111010100
10000100010101
10000010000111
10000000101011
10000000000001
10000000001001
10000001000100
10000010110001
10000101010000
10001000011110
10001100011100
10010001001000
10010110011111
10011100100000
10100011001000
10101010010101
10110010000100
10111010010001
11000010111010
11001011111011
11010101010001
11011110110111
11101000101011
11110010101000
11111100101010
00000110101101
00010000101110
00011010101000
00100100010111
00101101111000
00110111001000
01000000000001
01001000100001
01010000100101
01011000001000
01011111001001
01100101100101
01101011011000
01110000100001
01110100111101
01111000101100
01111011101011
01111101111001
01111111010101
01111111111111
01111111110111
01111110111100
01111101001111
01111010110000
01110111100010
01110011100100
01101110111000
01101001100001
01100011100000
01011100111000
01010101101011
01001101111100
01000101101111
00111101000110
00110100000101
00101010101111
00100001001001
00010111010101
00001101011000
00000011010110
11111001010011
11101111010010
11100101011000
11011011101001
11010010001000
11001000111000
10111111111111
10110111011111
10101111011011
10100111111000
10100000110111
10011010011011
10010100101000
10001111011111
10001011000011
10000111010100
10000100010101
10000010000111
10000000101011
10000000000001
10000000001001
10000001000100
10000010110001
10000101010000
10001000011110
10001100011100
10010001001000
10010110011111
10011100100000
10100011001000
10101010010101
10110010000100
10111010010001
11000010111010
11001011111011
11010101010001
11011110110111
11101000101011
11110010101000
11111100101010
00000110101101
00010000101110
00011010101000
00100100010111
00101101111000
00110111001000
01000000000001
01001000100001
01010000100101
01011000001000
01011111001001
01100101100101
01101011011000
01110000100001
01110100111101
01111000101100
01111011101011
01111101111001
01111111010101
01111111111111
01111111110111
01111110111100
01111101001111
01111010110000
01110111100010
01110011100100
01101110111000
01101001100001
01100011100000
01011100111000
01010101101011
01001101111100
01000101101111
00111101000110
00110100000101
00101010101111
00100001001001
00010111010101
00001101011000
00000011010110
11111001010011
11101111010010
11100101011000
11011011101001
11010010001000
11001000111000
10111111111111
10110111011111
10101111011011
10100111111000
10100000110111
10011010011011
10010100101000
10001111011111
10001011000011
10000111010100
10000100010101
10000010000111
10000000101011
10000000000001
10000000001001
10000001000100
10000010110001
10000101010000
10001000011110
10001100011100
10010001001000
10010110011111
10011100100000
10100011001000
10101010010101
10110010000100
10111010010001
11000010111010
11001011111011
11010101010001
11011110110111
11101000101011
11110010101000
11111100101010
00000110101101
00010000101110
00011010101000
00100100010111
00101101111000
00110111001000
01000000000001
01001000100001
01010000100101
01011000001000
01011111001001
01100101100101
01101011011000
01110000100001
01110100111101
01111000101100
01111011101011
01111101111001
01111111010101
01111111111111
01111111110111
01111110111100
01111101001111
01111010110000
01110111100010
01110011100100
01101110111000
01101001100001
01100011100000
01011100111000
01010101101011
01001101111100
01000101101111
00111101000110
00110100000101
00101010101111
00100001001001
00010111010101
00001101011000
00000011010110
11111001010011
11101111010010
11100101011000
11011011101001
11010010001000
11001000111000
10111111111111
10110111011111
10101111011011
10100111111000
10100000110111
10011010011011
10010100101000
10001111011111
10001011000011
10000111010100
10000100010101
10000010000111
10000000101011
10000000000001
10000000001001
10000001000100
10000010110001
10000101010000
10001000011110
10001100011100
10010001001000
10010110011111
10011100100000
10100011001000
10101010010101
10110010000100
10111010010001
11000010111010
11001011111011
11010101010001
11011110110111
11101000101011
11110010101000
11111100101010
00000110101101
00010000101110
00011010101000
00100100010111
00101101111000
00110111001000
01000000000001
01001000100001
01010000100101
01011000001000
01011111001001
01100101100101
01101011011000
01110000100001
01110100111101
01111000101100
01111011101011
01111101111001
01111111010101
01111111111111
01111111110111
01111110111100
01111101001111
01111010110000
01110111100010
01110011100100
01101110111000
01101001100001
01100011100000
01011100111000
01010101101011
01001101111100
01000101101111
00111101000110
00110100000101
00101010101111
00100001001001
00010111010101
00001101011000
00000011010110
11111001010011
11101111010010
11100101011000
11011011101001
11010010001000
11001000111000
10111111111111
10110111011111
10101111011011
10100111111000
10100000110111
10011010011011
10010100101000
10001111011111
10001011000011
10000111010100
10000100010101
10000010000111
10000000101011
10000000000001
10000000001001
10000001000100
10000010110001
10000101010000
10001000011110
10001100011100
10010001001000
10010110011111
10011100100000
10100011001000
10101010010101
10110010000100
10111010010001
11000010111010
11001011111011
11010101010001
11011110110111
11101000101011
11110010101000
11111100101010
00000110101101
00010000101110
00011010101000
00100100010111
00101101111000
00110111001000
01000000000001
01001000100001
01010000100101
01011000001000
01011111001001
01100101100101
01101011011000
01110000100001
01110100111101
01111000101100
01111011101011
01111101111001
01111111010101
01111111111111
01111111110111
01111110111100
01111101001111
01111010110000
01110111100010
01110011100100
01101110111000
01101001100001
01100011100000
01011100111000
01010101101011
01001101111100
01000101101111
00111101000110
00110100000101
00101010101111
00100001001001
00010111010101
00001101011000
00000011010110
11111001010011
11101111010010
11100101011000
11011011101001
11010010001000
11001000111000
10111111111111
10110111011111
10101111011011
10100111111000
10100000110111
10011010011011
10010100101000
10001111011111
10001011000011
10000111010100
10000100010101
10000010000111
10000000101011
10000000000001
10000000001001
10000001000100
10000010110001
10000101010000
10001000011110
10001100011100
10010001001000
10010110011111
10011100100000
10100011001000
10101010010101
10110010000100
10111010010001
11000010111010
11001011111011
11010101010001
11011110110111
11101000101011
11110010101000
11111100101010
00000110101101
00010000101110
00011010101000
00100100010111
00101101111000
00110111001000
01000000000001
01001000100001
01010000100101
01011000001000
01011111001001
01100101100101
01101011011000
01110000100001
01110100111101
01111000101100
01111011101011
01111101111001
01111111010101
01111111111111
01111111110111
01111110111100
01111101001111
01111010110000
01110111100010
01110011100100
01101110111000
01101001100001
01100011100000
01011100111000
01010101101011
01001101111100
01000101101111
00111101000110
00110100000101
00101010101111
00100001001001
00010111010101
00001101011000
00000011010110
11111001010011
11101111010010
11100101011000
11011011101001
11010010001000
11001000111000
10111111111111
10110111011111
10101111011011
10100111111000
10100000110111
10011010011011
10010100101000
10001111011111
10001011000011
10000111010100
10000100010101
10000010000111
10000000101011
10000000000001
10000000001001
10000001000100
10000010110001
10000101010000
10001000011110
10001100011100
10010001001000
10010110011111
10011100100000
10100011001000
10101010010101
10110010000100
10111010010001
11000010111010
11001011111011
11010101010001
11011110110111
11101000101011
11110010101000
11111100101010
00000110101101
00010000101110
00011010101000
00100100010111
00101101111000
00110111001000
01000000000001
01001000100001
01010000100101
01011000001000
01011111001001
01100101100101
01101011011000
01110000100001
01110100111101
01111000101100
01111011101011
01111101111001
01111111010101
01111111111111
01111111110111
01111110111100
01111101001111
01111010110000
01110111100010
01110011100100
01101110111000
01101001100001
01100011100000
01011100111000
01010101101011
01001101111100
01000101101111
00111101000110
00110100000101
00101010101111
00100001001001
00010111010101
00001101011000
00000011010110
11111001010011
11101111010010
11100101011000
11011011101001
11010010001000
11001000111000
10111111111111
10110111011111
10101111011011
10100111111000
10100000110111
10011010011011
10010100101000
10001111011111
10001011000011
10000111010100
10000100010101
10000010000111
10000000101011
10000000000001
10000000001001
10000001000100
10000010110001
10000101010000
10001000011110
10001100011100
10010001001000
10010110011111
10011100100000
10100011001000
10101010010101
10110010000100
10111010010001
11000010111010
11001011111011
11010101010001
11011110110111
11101000101011
11110010101000
11111100101010
00000110101101
00010000101110
00011010101000
00100100010111
00101101111000
00110111001000
01000000000001
01001000100001
01010000100101
01011000001000
01011111001001
01100101100101
01101011011000
01110000100001
01110100111101
01111000101100
01111011101011
01111101111001
01111111010101
01111111111111
01111111110111
01111110111100
01111101001111
01111010110000
01110111100010
01110011100100
01101110111000
01101001100001
01100011100000
01011100111000
01010101101011
01001101111100
01000101101111
00111101000110
00110100000101
00101010101111
00100001001001
00010111010101
00001101011000
00000011010110
11111001010011
11101111010010
11100101011000
11011011101001
11010010001000
11001000111000
10111111111111
10110111011111
10101111011011
10100111111000
10100000110111
10011010011011
10010100101000
10001111011111
10001011000011
10000111010100
10000100010101
10000010000111
10000000101011
10000000000001
10000000001001
10000001000100
10000010110001
10000101010000
10001000011110
10001100011100
10010001001000
10010110011111
10011100100000
10100011001000
10101010010101
10110010000100
10111010010001
11000010111010
11001011111011
11010101010001
11011110110111
11101000101011
11110010101000
11111100101010
00000110101101
00010000101110
00011010101000
00100100010111
00101101111000
00110111001000
01000000000001
01001000100001
01010000100101
01011000001000
01011111001001
01100101100101
01101011011000
01110000100001
01110100111101
01111000101100
01111011101011
01111101111001
01111111010101
01111111111111
01111111110111
01111110111100
01111101001111
01111010110000
01110111100010
01110011100100
01101110111000
01101001100001
01100011100000
01011100111000
01010101101011
01001101111100
01000101101111
00111101000110
00110100000101
00101010101111
00100001001001
00010111010101
00001101011000
00000011010110
11111001010011
11101111010010
11100101011000
11011011101001
11010010001000
11001000111000
10111111111111
10110111011111
10101111011011
10100111111000
10100000110111
10011010011011
10010100101000
10001111011111
10001011000011
10000111010100
10000100010101
10000010000111
10000000101011
10000000000001
10000000001001
10000001000100
10000010110001
10000101010000
10001000011110
10001100011100
10010001001000
10010110011111
10011100100000
10100011001000
10101010010101
10110010000100
10111010010001
11000010111010
11001011111011
11010101010001
11011110110111
11101000101011
11110010101000
11111100101010
00000110101101
00010000101110
00011010101000
00100100010111
00101101111000
00110111001000
01000000000001
01001000100001
01010000100101
01011000001000
01011111001001
01100101100101
01101011011000
01110000100001
01110100111101
01111000101100
01111011101011
01111101111001
01111111010101
01111111111111
01111111110111
01111110111100
01111101001111
01111010110000
01110111100010
01110011100100
01101110111000
01101001100001
01100011100000
01011100111000
01010101101011
01001101111100
01000101101111
00111101000110
00110100000101
00101010101111
00100001001001
00010111010101
00001101011000
00000011010110
11111001010011
11101111010010
11100101011000
11011011101001
11010010001000
11001000111000
10111111111111
10110111011111
10101111011011
10100111111000
10100000110111
10011010011011
10010100101000
10001111011111
10001011000011
10000111010100
10000100010101
10000010000111
10000000101011
10000000000001
10000000001001
10000001000100
10000010110001
10000101010000
10001000011110
10001100011100
10010001001000
10010110011111
10011100100000
10100011001000
10101010010101
10110010000100
10111010010001
11000010111010
11001011111011
11010101010001
11011110110111
11101000101011
11110010101000
11111100101010
00000110101101
00010000101110
00011010101000
00100100010111
00101101111000
00110111001000
01000000000001
01001000100001
01010000100101
01011000001000
01011111001001
01100101100101
01101011011000
01110000100001
01110100111101
01111000101100
01111011101011
01111101111001
01111111010101
01111111111111
01111111110111
01111110111100
01111101001111
01111010110000
01110111100010
01110011100100
01101110111000
01101001100001
01100011100000
01011100111000
01010101101011
01001101111100
01000101101111
00111101000110
00110100000101
00101010101111
00100001001001
00010111010101
00001101011000
00000011010110
11111001010011
11101111010010
11100101011000
11011011101001
11010010001000
11001000111000
10111111111111
10110111011111
10101111011011
10100111111000
10100000110111
10011010011011
10010100101000
10001111011111
10001011000011
10000111010100
10000100010101
10000010000111
10000000101011
10000000000001
10000000001001
10000001000100
10000010110001
10000101010000
10001000011110
10001100011100
10010001001000
10010110011111
10011100100000
10100011001000
10101010010101
10110010000100
10111010010001
11000010111010
11001011111011
11010101010001
11011110110111
11101000101011
11110010101000
11111100101010
00000110101101
00010000101110
00011010101000
00100100010111
00101101111000
00110111001000
01000000000001
01001000100001
01010000100101
01011000001000
01011111001001
01100101100101
01101011011000
01110000100001
01110100111101
01111000101100
01111011101011
01111101111001
01111111010101
01111111111111
01111111110111
01111110111100
01111101001111
01111010110000
01110111100010
01110011100100
01101110111000
01101001100001
01100011100000
01011100111000
01010101101011
01001101111100
01000101101111
00111101000110
00110100000101
00101010101111
00100001001001
00010111010101
00001101011000
00000011010110
11111001010011
11101111010010
11100101011000
11011011101001
11010010001000
11001000111000
10111111111111
10110111011111
10101111011011
10100111111000
10100000110111
10011010011011
10010100101000
10001111011111
10001011000011
10000111010100
10000100010101
10000010000111
10000000101011
10000000000001
10000000001001
10000001000100
10000010110001
10000101010000
10001000011110
10001100011100
10010001001000
10010110011111
10011100100000
10100011001000
10101010010101
10110010000100
10111010010001
11000010111010
11001011111011
11010101010001
11011110110111
11101000101011
11110010101000
11111100101010
00000110101101
00010000101110
00011010101000
00100100010111
00101101111000
00110111001000
01000000000001
01001000100001
01010000100101
01011000001000
01011111001001
01100101100101
01101011011000
01110000100001
01110100111101
01111000101100
01111011101011
01111101111001
01111111010101
01111111111111
01111111110111
01111110111100
01111101001111
01111010110000
01110111100010
01110011100100
01101110111000
01101001100001
01100011100000
01011100111000
01010101101011
01001101111100
01000101101111
00111101000110
00110100000101
00101010101111
00100001001001
00010111010101
00001101011000
00000011010110
11111001010011
11101111010010
11100101011000
11011011101001
11010010001000
11001000111000
10111111111111
10110111011111
10101111011011
10100111111000
10100000110111
10011010011011
10010100101000
10001111011111
10001011000011
10000111010100
10000100010101
10000010000111
10000000101011
10000000000001
10000000001001
10000001000100
10000010110001
10000101010000
10001000011110
10001100011100
10010001001000
10010110011111
10011100100000
10100011001000
10101010010101
10110010000100
10111010010001
11000010111010
11001011111011
11010101010001
11011110110111
11101000101011
11110010101000
11111100101010
00000110101101
00010000101110
00011010101000
00100100010111
00101101111000
00110111001000
01000000000001
01001000100001
01010000100101
01011000001000
01011111001001
01100101100101
01101011011000
01110000100001
01110100111101
01111000101100
01111011101011
01111101111001
01111111010101
01111111111111
01111111110111
01111110111100
01111101001111
01111010110000
01110111100010
01110011100100
01101110111000
01101001100001
01100011100000
01011100111000
01010101101011
01001101111100
01000101101111
00111101000110
00110100000101
00101010101111
00100001001001
00010111010101
00001101011000
00000011010110
11111001010011
11101111010010
11100101011000
11011011101001
11010010001000
11001000111000
10111111111111
10110111011111
10101111011011
10100111111000
10100000110111
10011010011011
10010100101000
10001111011111
10001011000011
10000111010100
10000100010101
10000010000111
10000000101011
10000000000001
10000000001001
10000001000100
10000010110001
10000101010000
10001000011110
10001100011100
10010001001000
10010110011111
10011100100000
10100011001000
10101010010101
10110010000100
10111010010001
11000010111010
11001011111011
11010101010001
11011110110111
11101000101011
11110010101000
11111100101010
00000110101101
00010000101110
00011010101000
00100100010111
00101101111000
00110111001000
01000000000001
01001000100001
01010000100101
01011000001000
01011111001001
01100101100101
01101011011000
01110000100001
01110100111101
01111000101100
01111011101011
01111101111001
01111111010101
01111111111111
01111111110111
01111110111100
01111101001111
01111010110000
01110111100010
01110011100100
01101110111000
01101001100001
01100011100000
01011100111000
01010101101011
01001101111100
01000101101111
00111101000110
00110100000101
00101010101111
00100001001001
00010111010101
00001101011000
00000011010110
11111001010011
11101111010010
11100101011000
11011011101001
11010010001000
11001000111000
10111111111111
10110111011111
10101111011011
10100111111000
10100000110111
10011010011011
10010100101000
10001111011111
10001011000011
10000111010100
10000100010101
10000010000111
10000000101011
10000000000001
10000000001001
10000001000100
10000010110001
10000101010000
10001000011110
10001100011100
10010001001000
10010110011111
10011100100000
10100011001000
10101010010101
10110010000100
10111010010001
11000010111010
11001011111011
11010101010001
11011110110111
11101000101011
11110010101000
11111100101010
00000110101101
00010000101110
00011010101000
00100100010111
00101101111000
00110111001000
01000000000001
01001000100001
01010000100101
01011000001000
01011111001001
01100101100101
01101011011000
01110000100001
01110100111101
01111000101100
01111011101011
01111101111001
01111111010101
01111111111111
01111111110111
01111110111100
01111101001111
01111010110000
01110111100010
01110011100100
01101110111000
01101001100001
01100011100000
01011100111000
01010101101011
01001101111100
01000101101111
00111101000110
00110100000101
00101010101111
00100001001001
00010111010101
00001101011000
00000011010110
11111001010011
11101111010010
11100101011000
11011011101001
11010010001000
11001000111000
10111111111111
10110111011111
10101111011011
10100111111000
10100000110111
10011010011011
10010100101000
10001111011111
10001011000011
10000111010100
10000100010101
10000010000111
10000000101011
10000000000001
10000000001001
10000001000100
10000010110001
10000101010000
10001000011110
10001100011100
10010001001000
10010110011111
10011100100000
10100011001000
10101010010101
10110010000100
10111010010001
11000010111010
11001011111011
11010101010001
11011110110111
11101000101011
11110010101000
11111100101010
00000110101101
00010000101110
00011010101000
00100100010111
00101101111000
00110111001000
01000000000001
01001000100001
01010000100101
01011000001000
01011111001001
01100101100101
01101011011000
01110000100001
01110100111101
01111000101100
01111011101011
01111101111001
01111111010101
01111111111111
01111111110111
01111110111100
01111101001111
01111010110000
01110111100010
01110011100100
01101110111000
01101001100001
01100011100000
01011100111000
01010101101011
01001101111100
01000101101111
00111101000110
00110100000101
00101010101111
00100001001001
00010111010101
00001101011000
00000011010110
11111001010011
11101111010010
11100101011000
11011011101001
11010010001000
11001000111000
10111111111111
10110111011111
10101111011011
10100111111000
10100000110111
10011010011011
10010100101000
10001111011111
10001011000011
10000111010100
10000100010101
10000010000111
10000000101011
10000000000001
10000000001001
10000001000100
10000010110001
10000101010000
10001000011110
10001100011100
10010001001000
10010110011111
10011100100000
10100011001000
10101010010101
10110010000100
10111010010001
11000010111010
11001011111011
11010101010001
11011110110111
11101000101011
11110010101000
11111100101010
00000110101101
00010000101110
00011010101000
00100100010111
00101101111000
00110111001000
01000000000001
01001000100001
01010000100101
01011000001000
01011111001001
01100101100101
01101011011000
01110000100001
01110100111101
01111000101100
01111011101011
01111101111001
01111111010101
01111111111111
01111111110111
01111110111100
01111101001111
01111010110000
01110111100010
01110011100100
01101110111000
01101001100001
01100011100000
01011100111000
01010101101011
01001101111100
01000101101111
00111101000110
00110100000101
00101010101111
00100001001001
00010111010101
00001101011000
00000011010110
11111001010011
11101111010010
11100101011000
11011011101001
11010010001000
11001000111000
10111111111111
10110111011111
10101111011011
10100111111000
10100000110111
10011010011011
10010100101000
10001111011111
10001011000011
10000111010100
10000100010101
10000010000111
10000000101011
10000000000001
10000000001001
10000001000100
10000010110001
10000101010000
10001000011110
10001100011100
