10010000111011
10000110100011
10000000110110
10000000000001
10000100000111
10001100111110
10011010010000
10101011011100
10111111111000
11010110110001
11101111010001
00001000011001
00100001001101
00111000101111
01001110000101
01100000011100
01101111000101
01111001011101
01111111001010
01111111111111
01111011111001
01110011000010
01100101110000
01010100100100
01000000001000
00101001001111
00010000101111
11110111100111
11011110110011
11000111010001
10110001111011
10011111100100
10010000111011
10000110100011
10000000110110
10000000000001
10000100000111
10001100111110
10011010010000
10101011011100
10111111111000
11010110110001
11101111010001
00001000011001
00100001001101
00111000101111
01001110000101
01100000011100
01101111000101
01111001011101
01111111001010
01111111111111
01111011111001
01110011000010
01100101110000
01010100100100
01000000001000
00101001001111
00010000101111
11110111100111
11011110110011
11000111010001
10110001111011
10011111100100
10010000111011
10000110100011
10000000110110
10000000000001
10000100000111
10001100111110
10011010010000
10101011011100
10111111111000
11010110110001
11101111010001
00001000011001
00100001001101
00111000101111
01001110000101
01100000011100
01101111000101
01111001011101
01111111001010
01111111111111
01111011111001
01110011000010
01100101110000
01010100100100
01000000001000
00101001001111
00010000101111
11110111100111
11011110110011
11000111010001
10110001111011
10011111100100
10010000111011
10000110100011
10000000110110
10000000000001
10000100000111
10001100111110
10011010010000
10101011011100
10111111111000
11010110110001
11101111010001
00001000011001
00100001001101
00111000101111
01001110000101
01100000011100
01101111000101
01111001011101
01111111001010
01111111111111
01111011111001
01110011000010
01100101110000
01010100100100
01000000001000
00101001001111
00010000101111
11110111100111
11011110110011
11000111010001
10110001111011
10011111100100
10010000111011
10000110100011
10000000110110
10000000000001
10000100000111
10001100111110
10011010010000
10101011011100
10111111111000
11010110110001
11101111010001
00001000011001
00100001001101
00111000101111
01001110000101
01100000011100
01101111000101
01111001011101
01111111001010
01111111111111
01111011111001
01110011000010
01100101110000
01010100100100
01000000001000
00101001001111
00010000101111
11110111100111
11011110110011
11000111010001
10110001111011
10011111100100
10010000111011
10000110100011
10000000110110
10000000000001
10000100000111
10001100111110
10011010010000
10101011011100
10111111111000
11010110110001
11101111010001
00001000011001
00100001001101
00111000101111
01001110000101
01100000011100
01101111000101
01111001011101
01111111001010
01111111111111
01111011111001
01110011000010
01100101110000
01010100100100
01000000001000
00101001001111
00010000101111
11110111100111
11011110110011
11000111010001
10110001111011
10011111100100
10010000111011
10000110100011
10000000110110
10000000000001
10000100000111
10001100111110
10011010010000
10101011011100
10111111111000
11010110110001
11101111010001
00001000011001
00100001001101
00111000101111
01001110000101
01100000011100
01101111000101
01111001011101
01111111001010
01111111111111
01111011111001
01110011000010
01100101110000
01010100100100
01000000001000
00101001001111
00010000101111
11110111100111
11011110110011
11000111010001
10110001111011
10011111100100
10010000111011
10000110100011
10000000110110
10000000000001
10000100000111
10001100111110
10011010010000
10101011011100
10111111111000
11010110110001
11101111010001
00001000011001
00100001001101
00111000101111
01001110000101
01100000011100
01101111000101
01111001011101
01111111001010
01111111111111
01111011111001
01110011000010
01100101110000
01010100100100
01000000001000
00101001001111
00010000101111
11110111100111
11011110110011
11000111010001
10110001111011
10011111100100
10010000111011
10000110100011
10000000110110
10000000000001
10000100000111
10001100111110
10011010010000
10101011011100
10111111111000
11010110110001
11101111010001
00001000011001
00100001001101
00111000101111
01001110000101
01100000011100
01101111000101
01111001011101
01111111001010
01111111111111
01111011111001
01110011000010
01100101110000
01010100100100
01000000001000
00101001001111
00010000101111
11110111100111
11011110110011
11000111010001
10110001111011
10011111100100
10010000111011
10000110100011
10000000110110
10000000000001
10000100000111
10001100111110
10011010010000
10101011011100
10111111111000
11010110110001
11101111010001
00001000011001
00100001001101
00111000101111
01001110000101
01100000011100
01101111000101
01111001011101
01111111001010
01111111111111
01111011111001
01110011000010
01100101110000
01010100100100
01000000001000
00101001001111
00010000101111
11110111100111
11011110110011
11000111010001
10110001111011
10011111100100
