01101111000101
01100000011100
01001110000101
00111000101111
00100001001101
00001000011001
11101111010001
11010110110001
10111111111000
10101011011100
10011010010000
10001100111110
10000100000111
10000000000001
10000000110110
10000110100011
10010000111011
10011111100100
10110001111011
11000111010001
11011110110011
11110111100111
00010000101111
00101001001111
01000000001000
01010100100100
01100101110000
01110011000010
01111011111001
01111111111111
01111111001010
01111001011101
01101111000101
01100000011100
01001110000101
00111000101111
00100001001101
00001000011001
11101111010001
11010110110001
10111111111000
10101011011100
10011010010000
10001100111110
10000100000111
10000000000001
10000000110110
10000110100011
10010000111011
10011111100100
10110001111011
11000111010001
11011110110011
11110111100111
00010000101111
00101001001111
01000000001000
01010100100100
01100101110000
01110011000010
01111011111001
01111111111111
01111111001010
01111001011101
01101111000101
01100000011100
01001110000101
00111000101111
00100001001101
00001000011001
11101111010001
11010110110001
10111111111000
10101011011100
10011010010000
10001100111110
10000100000111
10000000000001
10000000110110
10000110100011
10010000111011
10011111100100
10110001111011
11000111010001
11011110110011
11110111100111
00010000101111
00101001001111
01000000001000
01010100100100
01100101110000
01110011000010
01111011111001
01111111111111
01111111001010
01111001011101
01101111000101
01100000011100
01001110000101
00111000101111
00100001001101
00001000011001
11101111010001
11010110110001
10111111111000
10101011011100
10011010010000
10001100111110
10000100000111
10000000000001
10000000110110
10000110100011
10010000111011
10011111100100
10110001111011
11000111010001
11011110110011
11110111100111
00010000101111
00101001001111
01000000001000
01010100100100
01100101110000
01110011000010
01111011111001
01111111111111
01111111001010
01111001011101
01101111000101
01100000011100
01001110000101
00111000101111
00100001001101
00001000011001
11101111010001
11010110110001
10111111111000
10101011011100
10011010010000
10001100111110
10000100000111
10000000000001
10000000110110
10000110100011
10010000111011
10011111100100
10110001111011
11000111010001
11011110110011
11110111100111
00010000101111
00101001001111
01000000001000
01010100100100
01100101110000
01110011000010
01111011111001
01111111111111
01111111001010
01111001011101
01101111000101
01100000011100
01001110000101
00111000101111
00100001001101
00001000011001
11101111010001
11010110110001
10111111111000
10101011011100
10011010010000
10001100111110
10000100000111
10000000000001
10000000110110
10000110100011
10010000111011
10011111100100
10110001111011
11000111010001
11011110110011
11110111100111
00010000101111
00101001001111
01000000001000
01010100100100
01100101110000
01110011000010
01111011111001
01111111111111
01111111001010
01111001011101
01101111000101
01100000011100
01001110000101
00111000101111
00100001001101
00001000011001
11101111010001
11010110110001
10111111111000
10101011011100
10011010010000
10001100111110
10000100000111
10000000000001
10000000110110
10000110100011
10010000111011
10011111100100
10110001111011
11000111010001
11011110110011
11110111100111
00010000101111
00101001001111
01000000001000
01010100100100
01100101110000
01110011000010
01111011111001
01111111111111
01111111001010
01111001011101
01101111000101
01100000011100
01001110000101
00111000101111
00100001001101
00001000011001
11101111010001
11010110110001
10111111111000
10101011011100
10011010010000
10001100111110
10000100000111
10000000000001
10000000110110
10000110100011
10010000111011
10011111100100
10110001111011
11000111010001
11011110110011
11110111100111
00010000101111
00101001001111
01000000001000
01010100100100
01100101110000
01110011000010
01111011111001
01111111111111
01111111001010
01111001011101
01101111000101
01100000011100
01001110000101
00111000101111
00100001001101
00001000011001
11101111010001
11010110110001
10111111111000
10101011011100
10011010010000
10001100111110
10000100000111
10000000000001
10000000110110
10000110100011
10010000111011
10011111100100
10110001111011
11000111010001
11011110110011
11110111100111
00010000101111
00101001001111
01000000001000
01010100100100
01100101110000
01110011000010
01111011111001
01111111111111
01111111001010
01111001011101
01101111000101
01100000011100
01001110000101
00111000101111
00100001001101
00001000011001
11101111010001
11010110110001
10111111111000
10101011011100
10011010010000
10001100111110
10000100000111
10000000000001
10000000110110
10000110100011
10010000111011
10011111100100
10110001111011
11000111010001
11011110110011
11110111100111
00010000101111
00101001001111
01000000001000
01010100100100
01100101110000
01110011000010
01111011111001
01111111111111
01111111001010
01111001011101
