00000000000000
00011000111110
00110000111111
01000111000111
01011010100000
01101010011011
01110110001111
01111101100010
01111111111111
01111101100010
01110110001111
01101010011011
01011010100000
01000111000111
00110000111111
00011000111110
00000000000000
11100111000010
11001111000001
10111000111001
10100101100000
10010101100101
10001001110001
10000010011110
10000000000001
10000010011110
10001001110001
10010101100101
10100101100000
10111000111001
11001111000001
11100111000010
00000000000000
00011000111110
00110000111111
01000111000111
01011010100000
01101010011011
01110110001111
01111101100010
01111111111111
01111101100010
01110110001111
01101010011011
01011010100000
01000111000111
00110000111111
00011000111110
00000000000000
11100111000010
11001111000001
10111000111001
10100101100000
10010101100101
10001001110001
10000010011110
10000000000001
10000010011110
10001001110001
10010101100101
10100101100000
10111000111001
11001111000001
11100111000010
00000000000000
00011000111110
00110000111111
01000111000111
01011010100000
01101010011011
01110110001111
01111101100010
01111111111111
01111101100010
01110110001111
01101010011011
01011010100000
01000111000111
00110000111111
00011000111110
00000000000000
11100111000010
11001111000001
10111000111001
10100101100000
10010101100101
10001001110001
10000010011110
10000000000001
10000010011110
10001001110001
10010101100101
10100101100000
10111000111001
11001111000001
11100111000010
00000000000000
00011000111110
00110000111111
01000111000111
01011010100000
01101010011011
01110110001111
01111101100010
01111111111111
01111101100010
01110110001111
01101010011011
01011010100000
01000111000111
00110000111111
00011000111110
00000000000000
11100111000010
11001111000001
10111000111001
10100101100000
10010101100101
10001001110001
10000010011110
10000000000001
10000010011110
10001001110001
10010101100101
10100101100000
10111000111001
11001111000001
11100111000010
00000000000000
00011000111110
00110000111111
01000111000111
01011010100000
01101010011011
01110110001111
01111101100010
01111111111111
01111101100010
01110110001111
01101010011011
01011010100000
01000111000111
00110000111111
00011000111110
00000000000000
11100111000010
11001111000001
10111000111001
10100101100000
10010101100101
10001001110001
10000010011110
10000000000001
10000010011110
10001001110001
10010101100101
10100101100000
10111000111001
11001111000001
11100111000010
00000000000000
00011000111110
00110000111111
01000111000111
01011010100000
01101010011011
01110110001111
01111101100010
01111111111111
01111101100010
01110110001111
01101010011011
01011010100000
01000111000111
00110000111111
00011000111110
00000000000000
11100111000010
11001111000001
10111000111001
10100101100000
10010101100101
10001001110001
10000010011110
10000000000001
10000010011110
10001001110001
10010101100101
10100101100000
10111000111001
11001111000001
11100111000010
00000000000000
00011000111110
00110000111111
01000111000111
01011010100000
01101010011011
01110110001111
01111101100010
01111111111111
01111101100010
01110110001111
01101010011011
01011010100000
01000111000111
00110000111111
00011000111110
00000000000000
11100111000010
11001111000001
10111000111001
10100101100000
10010101100101
10001001110001
10000010011110
10000000000001
10000010011110
10001001110001
10010101100101
10100101100000
10111000111001
11001111000001
11100111000010
00000000000000
00011000111110
00110000111111
01000111000111
01011010100000
01101010011011
01110110001111
01111101100010
01111111111111
01111101100010
01110110001111
01101010011011
01011010100000
01000111000111
00110000111111
00011000111110
00000000000000
11100111000010
11001111000001
10111000111001
10100101100000
10010101100101
10001001110001
10000010011110
10000000000001
10000010011110
10001001110001
10010101100101
10100101100000
10111000111001
11001111000001
11100111000010
00000000000000
00011000111110
00110000111111
01000111000111
01011010100000
01101010011011
01110110001111
01111101100010
01111111111111
01111101100010
01110110001111
01101010011011
01011010100000
01000111000111
00110000111111
00011000111110
00000000000000
11100111000010
11001111000001
10111000111001
10100101100000
10010101100101
10001001110001
10000010011110
10000000000001
10000010011110
10001001110001
10010101100101
10100101100000
10111000111001
11001111000001
11100111000010
00000000000000
00011000111110
00110000111111
01000111000111
01011010100000
01101010011011
01110110001111
01111101100010
01111111111111
01111101100010
01110110001111
01101010011011
01011010100000
01000111000111
00110000111111
00011000111110
00000000000000
11100111000010
11001111000001
10111000111001
10100101100000
10010101100101
10001001110001
10000010011110
10000000000001
10000010011110
10001001110001
10010101100101
10100101100000
10111000111001
11001111000001
11100111000010
