01101110110110
01101100001000
01101001010000
01100110001100
01100010111101
01011111100100
01011100000000
01011000010011
01010100011100
01010000011100
01001100010100
01001000000011
01000011101011
00111111001011
00111010100101
00110101111001
00110001000110
00101100001111
00100111010011
00100010010010
00011101001110
00011000000111
00010010111110
00001101110010
00001000100101
00000011010110
11111110001000
11111000111010
11110011101100
11101110100000
11101001010101
11100100001110
11011111001001
11011010000111
11010101001010
11010000010001
11001011011101
11000110101111
11000010000111
10111101100110
10111001001011
10110100111000
10110000101110
10101100101011
10101000110010
10100101000010
10100001011011
10011101111111
10011010101101
10010111100110
10010100101010
10010001111010
10001111010101
10001100111101
10001010110000
10001000110001
10000110111101
10000101010111
10000011111110
10000010110010
10000001110100
10000001000011
10000000011111
10000000001001
10000000000001
10000000000110
10000000011010
10000000111010
10000001101001
10000010100100
10000011101101
10000101000100
10000110100111
10001000011000
10001010010101
10001100011111
10001110110101
10010001010111
10010100000101
10010110111111
10011010000100
10011101010011
10100000101101
10100100010010
10101000000000
10101011110111
10101111111000
10110100000001
10111000010010
10111100101011
11000001001011
11000101110010
11001010011111
11001111010001
11010100001001
11011001000110
11011110000110
11100011001011
11101000010010
11101101011100
11110010101000
11110111110101
11111101000011
00000010010010
00000111100000
00001100101110
00010001111010
00010111000100
00011100001100
00100001010000
00100110010001
00101011001111
00110000000111
00110100111010
00111001101000
00111110010000
01000010110000
01000111001010
01001011011100
01001111100111
01010011101000
01010111100001
01011011010000
01011110110110
01100010010001
01100101100010
01101000101001
01101011100100
01101110010011
01110000110111
01110011001111
01110101011010
01110111011001
01111001001011
01111010110000
01111100001000
01111101010011
01111110010001
01111111000001
01111111100011
01111111111000
01111111111111
01111111111001
01111111100100
01111111000011
01111110010011
01111101010111
01111100001100
01111010110101
01111001010000
01110111011111
01110101100001
01110011010110
01110000111111
01101110011100
01101011101101
01101000110010
01100101101101
01100010011100
01011111000001
01011011011100
01010111101101
01010011110101
01001111110100
01001011101010
01000111011000
01000010111111
00111110011111
00111001110111
00110101001010
00110000010111
00101011011111
00100110100010
00100001100001
00011100011100
00010111010101
00010010001011
00001100111111
00000111110001
00000010100011
11111101010100
11111000000110
11110010111001
11101101101101
11101000100011
11100011011011
11011110010111
11011001010110
11010100011001
11001111100001
11001010101110
11000110000001
11000001011010
10111100111010
10111000100000
10110100001111
10110000000101
10101100000100
10101000001100
10100100011110
10100000111001
10011101011110
10011010001110
10010111001001
10010100001111
10010001100000
10001110111101
10001100100110
10001010011100
10001000011110
10000110101101
10000101001001
10000011110010
10000010101000
10000001101011
10000000111100
10000000011011
10000000000111
10000000000001
10000000001001
10000000011110
10000001000001
10000001110001
10000010101111
10000011111010
10000101010010
10000110111000
10001000101010
10001010101001
10001100110101
10001111001101
10010001110001
10010100100001
10010111011100
10011010100011
10011101110100
10100001010000
10100100110110
10101000100101
10101100011110
10110000100000
10110100101011
10111000111101
10111101010111
11000001111000
11000110100000
11001011001101
11010000000001
11010100111010
11011001110111
11011110111000
11100011111101
11101001000101
11101110001111
11110011011011
11111000101000
11111101110111
00000011000101
00001000010011
00001101100001
00010010101101
00010111110110
00011100111110
00100010000010
00100111000011
00101011111111
00110000110111
00110101101001
00111010010110
00111110111100
01000011011100
01000111110101
01001100000110
01010000001111
01010100001111
01011000000110
01011011110100
01011111011000
01100010110010
01100110000010
01101001000110
01101011111111
01101110101101
01110001001111
01110011100101
01110101101110
01110111101011
01111001011011
01111010111111
01111100010101
01111101011101
01111110011001
01111111000111
01111111100111
01111111111010
01111111111111
01111111110110
01111111100000
01111110111100
01111110001011
01111101001100
01111100000000
01111010100110
01111001000000
01110111001100
01110101001100
01110011000000
01110000100111
01101110000010
01101011010001
01101000010101
01100101001101
01100001111011
01011110011111
01011010111000
01010111001000
01010011001110
01001111001100
01001011000001
01000110101110
01000010010011
00111101110010
00111001001001
00110100011011
00101111100111
00101010101110
00100101110001
00100000101111
00011011101010
00010110100010
00010001011000
00001100001011
00000110111110
00000001110000
11111100100001
11110111010011
11110010000110
11101100111010
11100111110000
11100010101001
11011101100101
11011000100101
11010011101001
11001110110010
11001010000000
11000101010011
11000000101101
10111100001110
10110111110110
10110011100101
10101111011101
10101011011110
10100111100111
10100011111010
10100000010111
10011100111101
10011001101111
10010110101011
10010011110011
10010001000110
10001110100101
10001100010000
10001010001000
10001000001100
10000110011101
10000100111010
10000011100101
10000010011110
10000001100011
10000000110110
10000000010111
10000000000101
10000000000001
10000000001011
10000000100010
10000001000111
10000001111001
10000010111001
10000100000111
10000101100001
10000111001001
10001000111101
10001010111110
10001101001100
10001111100110
10010010001100
10010100111101
10010111111010
10011011000010
10011110010101
10100001110011
10100101011010
10101001001011
10101101000101
10110001001001
10110101010100
10111001101000
10111110000011
11000010100101
11000111001110
11001011111100
11010000110001
11010101101010
11011010101000
11011111101010
11100100101111
11101001110111
11101111000010
11110100001110
11111001011100
11111110101010
00000011111001
00001001000111
00001110010100
00010011011111
00011000101001
00011101110000
00100010110011
00100111110011
00101100101111
00110001100110
00110110011000
00111011000100
00111111101001
01000100001000
01001000011111
01001100101111
01010000110111
01010100110110
01011000101100
01011100011000
01011111111010
01100011010011
01100110100001
01101001100011
01101100011011
01101111000111
01110001100111
01110011111011
01110110000010
01110111111101
01111001101011
01111011001101
01111100100001
01111101100111
01111110100001
01111111001101
01111111101011
01111111111011
01111111111110
01111111110100
01111111011011
01111110110110
01111110000010
01111101000001
01111011110011
01111010010111
01111000101111
01110110111001
01110100110111
01110010101001
01110000001110
01101101100111
01101010110101
01100111110111
01100100101110
01100001011010
01011101111100
01011010010100
01010110100010
01010010100111
01001110100011
01001010010111
01000110000011
01000001100111
00111101000100
00111000011011
00110011101100
00101110110111
00101001111110
00100100111111
00011111111101
00011010111000
00010101101111
00010000100101
00001011011000
00000110001010
00000000111100
11111011101110
11110110100000
11110001010011
11101100000111
11100110111110
11100001110111
11011100110100
11010111110100
11010010111001
11001110000010
11001001010001
11000100100110
11000000000000
10111011100010
10110111001011
10110010111100
10101110110101
10101010110111
10100111000010
10100011010110
10011111110101
10011100011101
10011001010000
10010110001110
10010011011000
10010000101101
10001110001101
10001011111010
10001001110100
10000111111010
10000110001101
10000100101100
10000011011001
10000010010100
10000001011011
10000000110001
10000000010011
10000000000100
10000000000010
10000000001110
10000000100111
10000001001110
10000010000010
10000011000100
10000100010100
10000101110000
10000111011010
10001001010000
10001011010011
10001101100011
10001111111110
10010010100110
10010101011010
10011000011000
10011011100010
10011110110111
10100010010110
10100101111110
10101001110001
10101101101101
10110001110001
10110101111110
10111010010011
10111110101111
11000011010010
11000111111100
11001100101011
11010001100001
11010110011011
11011011011001
11100000011100
11100101100001
11101010101010
11101111110101
11110101000010
11111010001111
11111111011110
00000100101100
00001001111010
00001111000111
00010100010010
00011001011011
00011110100010
00100011100101
00101000100100
00101101011111
00110010010110
00110111000110
00111011110001
01000000010110
01000100110011
01001001001010
01001101011000
01010001011111
01010101011100
01011001010001
01011100111011
01100000011100
01100011110011
01100110111111
01101010000000
01101100110110
01101111100000
01110001111110
01110100010000
01110110010110
01111000001111
01111001111011
01111011011010
01111100101100
01111101110001
01111110101000
01111111010010
01111111101110
01111111111101
01111111111110
01111111110001
01111111010111
01111110101110
01111101111001
01111100110110
01111011100110
01111010001000
01111000011110
01110110100110
01110100100010
01110010010010
01101111110101
01101101001100
01101010011000
01100111011001
01100100001110
01100000111001
01011101011001
01011001101111
01010101111100
01010010000000
01001101111010
01001001101101
01000101011000
01000000111011
00111100010111
00110111101101
00110010111101
00101110000111
00101001001101
00100100001110
00011111001011
00011010000101
00010100111101
00001111110010
00001010100101
00000101010111
00000000001001
11111010111010
11110101101100
11110000011111
11101011010100
11100110001011
11100001000101
11011100000010
11010111000011
11010010001001
11001101010011
11001000100010
11000011111000
10111111010100
10111010110111
10110110100001
10110010010011
10101110001110
10101010010001
10100110011101
10100010110011
10011111010011
10011011111101
10011000110010
10010101110001
10010010111101
10010000010011
10001101110110
10001011100101
10001001100000
10000111101000
10000101111101
10000100011111
10000011001110
10000010001010
10000001010100
10000000101011
10000000010000
10000000000011
10000000000011
10000000010001
10000000101100
10000001010101
10000010001100
10000011010000
10000100100001
10000110000000
10000111101011
10001001100011
10001011101000
10001101111010
10010000010111
10010011000001
10010101110110
10011000110111
10011100000010
10011111011000
10100010111001
10100110100011
10101010010111
10101110010100
10110010011010
10110110101000
10111010111110
10111111011011
11000100000000
11001000101010
11001101011011
11010010010001
11010111001011
11011100001011
11100001001110
11100110010100
11101011011101
11110000101000
11110101110101
11111011000011
00000000010001
00000101100000
00001010101101
00001111111010
00010101000101
00011010001110
00011111010100
00100100010110
00101001010101
00101110001111
00110011000101
00110111110101
00111100011111
01000001000010
01000101011111
01001001110100
01001110000001
01010010000110
01010110000010
01011001110101
01011101011111
01100000111110
01100100010011
01100111011110
01101010011101
01101101010001
01101111111001
01110010010110
01110100100110
01110110101001
01111000100001
01111010001011
01111011101000
01111100111000
01111101111010
01111110110000
01111111010111
01111111110001
01111111111110
01111111111101
01111111101110
01111111010001
01111110100111
01111101110000
01111100101010
01111011011000
01111001111001
01111000001100
01110110010011
01110100001101
01110001111010
01101111011100
01101100110001
01101001111011
01100110111010
01100011101110
01100000010111
01011100110110
01011001001010
01010101010110
01010001011000
01001101010001
01001001000011
01000100101100
01000000001110
00111011101010
00110110111111
00110010001110
00101101010111
00101000011100
00100011011101
00011110011001
00011001010011
00010100001010
00001110111110
00001001110010
00000100100100
11111111010101
11111010000111
11110100111001
11101111101100
11101010100010
11100101011001
11100000010011
11011011010001
11010110010011
11010001011001
11001100100100
11000111110100
11000011001011
10111110101000
10111010001100
10110101110111
10110001101010
10101101100110
10101001101011
10100101111000
10100010010000
10011110110001
10011011011101
10011000010011
10010101010101
10010010100010
10001111111010
10001101011111
10001011010000
10001001001101
10000111010111
10000101101110
10000100010001
10000011000011
10000010000001
10000001001101
10000000100110
10000000001101
10000000000010
10000000000100
10000000010100
10000000110010
10000001011101
10000010010101
10000011011011
10000100101111
10000110001111
10000111111101
10001001110111
10001011111110
10001110010001
10010000110001
10010011011100
10010110010011
10011001010101
10011100100010
10011111111010
10100011011100
10100111001000
10101010111110
10101110111100
10110011000011
10110111010010
10111011101010
11000000001000
11000100101101
11001001011001
11001110001010
11010011000001
11010111111100
11011100111100
11100010000000
11100111000110
11101100010000
11110001011011
11110110101000
11111011110110
00000001000101
00000110010011
00001011100001
00010000101101
00010101111000
00011011000000
00100000000110
00100101001000
00101010000110
00101110111111
00110011110100
00111000100011
00111101001100
01000001101110
01000110001010
01001010011110
01001110101010
01010010101101
01010110101000
01011010011010
01011110000010
01100001100000
01100100110011
01100111111100
01101010111001
01101101101100
01110000010010
01110010101101
01110100111011
01110110111101
01111000110010
01111010011010
01111011110101
01111101000011
01111110000100
01111110110111
01111111011100
01111111110100
01111111111111
01111111111011
01111111101010
01111111001100
01111110011111
01111101100110
01111100011111
01111011001010
01111001101001
01110111111010
01110101111111
01110011110111
01110001100011
01101111000010
01101100010110
01101001011110
01100110011011
01100011001101
01011111110101
01011100010010
01011000100101
01010100101111
01010000110000
01001100101000
01001000011000
01000100000001
00111111100010
00111010111100
00110110010000
00110001011110
00101100100111
00100111101011
00100010101011
00011101100111
00011000100001
00010011010111
00001110001011
00001000111110
00000011110000
11111110100010
11111001010011
11110100000110
11101110111001
11101001101111
11100100100111
11011111100001
11011010100000
11010101100010
11010000101001
11001011110101
11000111000110
11000010011101
10111101111100
10111001100001
10110101001101
10110001000010
10101100111111
10101001000101
10100101010100
10100001101101
10011110010000
10011010111101
10010111110101
10010100111000
10010010000111
10001111100010
10001101001000
10001010111011
10001000111010
10000111000110
10000101011111
10000100000100
10000010111000
10000001111000
10000001000110
10000000100001
10000000001010
10000000000001
10000000000110
10000000011000
10000000110111
10000001100101
10000010011111
10000011100111
10000100111101
10000110011111
10001000001111
10001010001011
10001100010100
10001110101001
10010001001010
10010011111000
10010110110000
10011001110100
10011101000011
10100000011100
10100100000000
10100111101101
10101011100100
10101111100100
10110011101100
10110111111101
10111100010101
11000000110101
11000101011011
11001010000111
11001110111010
11010011110001
11011000101101
11011101101110
11100010110010
11100111111001
11101101000010
11110010001110
11110111011011
11111100101010
00000001111000
00000111000110
00001100010100
00010001100000
00010110101011
00011011110010
00100000110111
00100101111001
00101010110110
00101111101111
00110100100011
00111001010001
00111101111001
01000010011010
01000110110101
01001011001000
01001111010010
01010011010101
01010111001110
01011010111110
01011110100101
01100010000001
01100101010011
01101000011010
01101011010110
01101110000110
01110000101011
01110011000011
01110101010000
01110111001111
01111001000011
01111010101001
01111100000010
01111101001110
01111110001100
01111110111101
01111111100001
01111111110111
01111111111111
01111111111010
01111111100110
01111111000110
01111110010111
01111101011100
01111100010011
01111010111100
01111001011001
01110111101000
01110101101011
01110011100001
01110001001011
01101110101001
01101011111011
01101001000001
01100101111100
01100010101101
01011111010011
01011011101110
01011000000000
01010100001001
01010000001000
01001011111111
01000111101110
01000011010101
00111110110101
00111010001110
00110101100001
00110000101111
00101011110111
00100110111010
00100001111010
00011100110101
00010111101110
00010010100100
00001101011000
00001000001011
00000010111101
11111101101110
11111000100000
11110011010010
11101110000110
11101000111100
11100011110100
11011110110000
11011001101111
11010100110001
11001111111001
11001011000110
11000110011000
11000001110000
10111101010000
10111000110110
10110100100100
10110000011001
10101100011000
10101000011111
10100100110000
10100001001010
10011101101111
10011010011110
10010111010111
10010100011100
10010001101101
10001111001001
10001100110001
10001010100110
10001000100111
10000110110101
10000101010000
10000011111000
10000010101101
10000001101111
10000000111111
10000000011101
10000000001000
10000000000001
10000000000111
10000000011100
10000000111101
10000001101101
10000010101001
10000011110100
10000101001011
10000110110000
10001000100001
10001010011111
10001100101010
10001111000001
10010001100100
10010100010011
10010111001110
10011010010011
10011101100100
10100000111111
10100100100100
10101000010011
10101100001011
10110000001100
10110100010110
10111000101000
10111101000001
11000001100001
11000110001001
11001010110110
11001111101001
11010100100001
11011001011110
11011110011111
11100011100100
11101000101011
11101101110101
11110011000001
11111000001111
11111101011101
00000010101100
00000111111010
00001101000111
00010010010011
00010111011101
00011100100101
00100001101001
00100110101010
00101011100111
00110000011111
00110101010010
00111001111111
00111110100110
01000011000110
01000111100000
01001011110001
01001111111011
01010011111100
01010111110100
01011011100010
01011111000111
01100010100010
01100101110010
01101000110111
01101011110001
01101110100000
01110001000011
01110011011010
01110101100100
01110111100010
01111001010011
01111010110111
01111100001110
01111101011000
01111110010101
01111111000100
01111111100101
01111111111001
01111111111111
01111111110111
01111111100010
01111110111111
01111110001111
01111101010001
01111100000110
01111010101110
01111001001000
01110111010110
01110101010111
01110011001011
01110000110011
01101110001111
01101011011111
01101000100100
01100101011101
01100010001100
01011110110000
01011011001010
01010111011011
01010011100010
01001111100000
01001011010101
01000111000011
01000010101001
00111110001000
00111001100000
00110100110011
00101111111111
00101011000110
00100110001001
00100001001000
00011100000011
00010110111011
00010001110001
00001100100101
00000111011000
00000010001001
11111100111011
11110111101101
11110010011111
11101101010011
11101000001010
11100011000010
11011101111110
11011000111101
11010100000001
11001111001001
11001010010111
11000101101010
11000001000100
10111100100100
10111000001011
10110011111010
10101111110001
10101011110001
10100111111010
10100100001100
10100000101000
10011101001110
10011001111110
10010110111010
10010100000001
10010001010011
10001110110001
10001100011011
10001010010010
10001000010101
10000110100101
10000101000001
10000011101011
10000010100011
10000001100111
10000000111001
10000000011001
10000000000110
10000000000001
10000000001010
10000000100000
10000001000100
10000001110101
10000010110100
10000100000000
10000101011010
10000111000000
10001000110100
10001010110100
10001101000000
10001111011001
10010001111110
10010100101111
10010111101011
10011010110011
10011110000101
10100001100001
10100101001000
10101000111000
10101100110010
10110000110100
10110100111111
10111001010010
10111101101101
11000010001110
11000110110111
11001011100101
11010000011001
11010101010010
11011010001111
11011111010001
11100100010110
11101001011110
11101110101000
11110011110101
11111001000010
11111110010000
00000011011111
00001000101101
00001101111010
00010011000110
00011000010000
00011101010111
00100010011011
00100111011011
00101100010111
00110001001110
00110110000000
00111010101101
00111111010011
01000011110010
01001000001010
01001100011011
01010000100011
01010100100010
01011000011001
01011100000110
01011111101001
01100011000011
01100110010001
01101001010101
01101100001101
01101110111010
01110001011011
01110011110000
01110101111000
01110111110100
01111001100011
01111011000110
01111100011011
01111101100010
01111110011101
01111111001010
01111111101001
01111111111011
01111111111111
01111111110101
01111111011110
01111110111001
01111110000111
01111101000111
01111011111001
01111010011111
01111000110111
01110111000011
01110101000010
01110010110100
01110000011010
01101101110100
01101011000011
01101000000110
01100100111110
01100001101011
01011110001101
01011010100110
01010110110101
01010010111011
01001110110111
01001010101100
01000110011000
01000001111101
00111101011011
00111000110010
00110100000100
00101111001111
00101010010110
00100101011000
00100000010110
00011011010001
00010110001001
00010000111110
00001011110010
00000110100100
00000001010110
11111100000111
11110110111001
11110001101100
11101100100001
11100111010111
11100010010000
11011101001101
11011000001101
11010011010001
11001110011010
11001001101000
11000100111100
11000000010111
10111011111000
10110111100001
10110011010001
10101111001001
10101011001010
10100111010100
10100011101000
10100000000110
10011100101101
10011001011111
10010110011101
10010011100101
10010000111001
10001110011001
10001100000101
10001001111110
10001000000011
10000110010101
10000100110011
10000011011111
10000010011001
10000001011111
10000000110011
10000000010101
10000000000101
10000000000010
10000000001100
10000000100101
10000001001010
10000001111110
10000010111111
10000100001101
10000101101001
10000111010001
10001001000111
10001011001001
10001101010111
10001111110010
10010010011001
10010101001011
10011000001001
10011011010010
10011110100110
10100010000100
10100101101100
10101001011110
10101101011001
10110001011101
10110101101001
10111001111101
10111110011001
11000010111100
11000111100101
11001100010100
11010001001001
11010110000010
11011011000001
11100000000011
11100101001000
11101010010001
11101111011011
11110100101000
11111001110110
11111111000100
00000100010010
00001001100000
00001110101101
00010011111001
00011001000010
00011110001001
00100011001100
00101000001100
00101101000111
00110001111110
00110110101111
00111011011010
01000000000000
01000100011110
01001000110101
01001101000100
01010001001011
01010101001001
01011000111110
01011100101010
01100000001011
01100011100011
01100110110000
01101001110010
01101100101000
01101111010011
01110001110011
01110100000110
01110110001100
01111000000110
01111001110011
01111011010100
01111100100111
01111101101100
01111110100101
01111111001111
01111111101101
01111111111100
01111111111110
01111111110010
01111111011001
01111110110010
01111101111110
01111100111100
01111011101100
01111010010000
01111000100110
01110110110000
01110100101101
01110010011101
01110000000010
01101101011010
01101010100110
01100111101000
01100100011110
01100001001001
01011101101010
01011010000010
01010110001111
01010010010011
01001110001111
01001010000010
01000101101101
01000001010001
00111100101110
00111000000100
00110011010101
00101110011111
00101001100101
00100100100111
00011111100100
00011010011111
00010101010110
00010000001011
00001010111110
00000101110001
00000000100010
11111011010100
11110110000110
11110000111001
11101011101110
11100110100101
11100001011110
11011100011011
11010111011100
11010010100001
11001101101010
11001000111010
11000100001111
10111111101010
10111011001101
10110110110110
10110010101000
10101110100001
10101010100100
10100110101111
10100011000101
10011111100100
10011100001101
10011001000001
10010110000000
10010011001010
10010000100000
10001110000010
10001011110000
10001001101010
10000111110001
10000110000101
10000100100110
10000011010100
10000010001111
10000001011000
