10010001001010
10001110101001
10001100010100
10001010001011
10001000001111
10000110011111
10000100111101
10000011100111
10000010011111
10000001100101
10000000110111
10000000011000
10000000000110
10000000000001
10000000001010
10000000100001
10000001000110
10000001111000
10000010111000
10000100000100
10000101011111
10000111000110
10001000111010
10001010111011
10001101001000
10001111100010
10010010000111
10010100111000
10010111110101
10011010111101
10011110010000
10100001101101
10100101010100
10101001000101
10101100111111
10110001000010
10110101001101
10111001100001
10111101111100
11000010011101
11000111000110
11001011110101
11010000101001
11010101100010
11011010100000
11011111100001
11100100100111
11101001101111
11101110111001
11110100000110
11111001010011
11111110100010
00000011110000
00001000111110
00001110001011
00010011010111
00011000100001
00011101100111
00100010101011
00100111101011
00101100100111
00110001011110
00110110010000
00111010111100
00111111100010
01000100000001
01001000011000
01001100101000
01010000110000
01010100101111
01011000100101
01011100010010
01011111110101
01100011001101
01100110011011
01101001011110
01101100010110
01101111000010
01110001100011
01110011110111
01110101111111
01110111111010
01111001101001
01111011001010
01111100011111
01111101100110
01111110011111
01111111001100
01111111101010
01111111111011
01111111111111
01111111110100
01111111011100
01111110110111
01111110000100
01111101000011
01111011110101
01111010011010
01111000110010
01110110111101
01110100111011
01110010101101
01110000010010
01101101101100
01101010111001
01100111111100
01100100110011
01100001100000
01011110000010
01011010011010
01010110101000
01010010101101
01001110101010
01001010011110
01000110001010
01000001101110
00111101001100
00111000100011
00110011110100
00101110111111
00101010000110
00100101001000
00100000000110
00011011000000
00010101111000
00010000101101
00001011100001
00000110010011
00000001000101
11111011110110
11110110101000
11110001011011
11101100010000
11100111000110
11100010000000
11011100111100
11010111111100
11010011000001
11001110001010
11001001011001
11000100101101
11000000001000
10111011101010
10110111010010
10110011000011
10101110111100
10101010111110
10100111001000
10100011011100
10011111111010
10011100100010
10011001010101
10010110010011
10010011011100
10010000110001
10001110010001
10001011111110
10001001110111
10000111111101
10000110001111
10000100101111
10000011011011
10000010010101
10000001011101
10000000110010
10000000010100
10000000000100
10000000000010
10000000001101
10000000100110
10000001001101
10000010000001
10000011000011
10000100010001
10000101101110
10000111010111
10001001001101
10001011010000
10001101011111
10001111111010
10010010100010
10010101010101
10011000010011
10011011011101
10011110110001
10100010010000
10100101111000
10101001101011
10101101100110
10110001101010
10110101110111
10111010001100
10111110101000
11000011001011
11000111110100
11001100100100
11010001011001
11010110010011
11011011010001
11100000010011
11100101011001
11101010100010
11101111101100
11110100111001
11111010000111
11111111010101
00000100100100
00001001110010
00001110111110
00010100001010
00011001010011
00011110011001
00100011011101
00101000011100
00101101010111
00110010001110
00110110111111
00111011101010
01000000001110
01000100101100
01001001000011
01001101010001
01010001011000
01010101010110
01011001001010
01011100110110
01100000010111
01100011101110
01100110111010
01101001111011
01101100110001
01101111011100
01110001111010
01110100001101
01110110010011
01111000001100
01111001111001
01111011011000
01111100101010
01111101110000
01111110100111
01111111010001
01111111101110
01111111111101
01111111111110
01111111110001
01111111010111
01111110110000
01111101111010
01111100111000
01111011101000
01111010001011
01111000100001
01110110101001
01110100100110
01110010010110
01101111111001
01101101010001
01101010011101
01100111011110
01100100010011
01100000111110
01011101011111
01011001110101
01010110000010
01010010000110
01001110000001
01001001110100
01000101011111
01000001000010
00111100011111
00110111110101
00110011000101
00101110001111
00101001010101
00100100010110
00011111010100
00011010001110
00010101000101
00001111111010
00001010101101
00000101100000
00000000010001
11111011000011
11110101110101
11110000101000
11101011011101
11100110010100
11100001001110
11011100001011
11010111001011
11010010010001
11001101011011
11001000101010
11000100000000
10111111011011
10111010111110
10110110101000
10110010011010
10101110010100
10101010010111
10100110100011
10100010111001
10011111011000
10011100000010
10011000110111
10010101110110
10010011000001
10010000010111
10001101111010
10001011101000
10001001100011
10000111101011
10000110000000
10000100100001
10000011010000
10000010001100
10000001010101
10000000101100
10000000010001
10000000000011
10000000000011
10000000010000
10000000101011
10000001010100
10000010001010
10000011001110
10000100011111
10000101111101
10000111101000
10001001100000
10001011100101
10001101110110
10010000010011
10010010111101
10010101110001
10011000110010
10011011111101
10011111010011
10100010110011
10100110011101
10101010010001
10101110001110
10110010010011
10110110100001
10111010110111
10111111010100
11000011111000
11001000100010
11001101010011
11010010001001
11010111000011
11011100000010
11100001000101
11100110001011
11101011010100
11110000011111
11110101101100
11111010111010
00000000001001
00000101010111
00001010100101
00001111110010
00010100111101
00011010000101
00011111001011
00100100001110
00101001001101
00101110000111
00110010111101
00110111101101
00111100010111
01000000111011
01000101011000
01001001101101
01001101111010
01010010000000
01010101111100
01011001101111
01011101011001
01100000111001
01100100001110
01100111011001
01101010011000
01101101001100
01101111110101
01110010010010
01110100100010
01110110100110
01111000011110
01111010001000
01111011100110
01111100110110
01111101111001
01111110101110
01111111010111
01111111110001
01111111111110
01111111111101
01111111101110
01111111010010
01111110101000
01111101110001
01111100101100
01111011011010
01111001111011
01111000001111
01110110010110
01110100010000
01110001111110
01101111100000
01101100110110
01101010000000
01100110111111
01100011110011
01100000011100
01011100111011
01011001010001
01010101011100
01010001011111
01001101011000
01001001001010
01000100110011
01000000010110
00111011110001
00110111000110
00110010010110
00101101011111
00101000100100
00100011100101
00011110100010
00011001011011
00010100010010
00001111000111
00001001111010
00000100101100
11111111011110
11111010001111
11110101000010
11101111110101
11101010101010
11100101100001
11100000011100
11011011011001
11010110011011
11010001100001
11001100101011
11000111111100
11000011010010
10111110101111
10111010010011
10110101111110
10110001110001
10101101101101
10101001110001
10100101111110
10100010010110
10011110110111
10011011100010
10011000011000
10010101011010
10010010100110
10001111111110
10001101100011
10001011010011
10001001010000
10000111011010
10000101110000
10000100010100
10000011000100
10000010000010
10000001001110
10000000100111
10000000001110
10000000000010
10000000000100
10000000010011
10000000110001
10000001011011
10000010010100
10000011011001
10000100101100
10000110001101
10000111111010
10001001110100
10001011111010
10001110001101
10010000101101
10010011011000
10010110001110
10011001010000
10011100011101
10011111110101
10100011010110
10100111000010
10101010110111
10101110110101
10110010111100
10110111001011
10111011100010
11000000000000
11000100100110
11001001010001
11001110000010
11010010111001
11010111110100
11011100110100
11100001110111
11100110111110
11101100000111
11110001010011
11110110100000
11111011101110
00000000111100
00000110001010
00001011011000
00010000100101
00010101101111
00011010111000
00011111111101
00100100111111
00101001111110
00101110110111
00110011101100
00111000011011
00111101000100
01000001100111
01000110000011
01001010010111
01001110100011
01010010100111
01010110100010
01011010010100
01011101111100
01100001011010
01100100101110
01100111110111
01101010110101
01101101100111
01110000001110
01110010101001
01110100110111
01110110111001
01111000101111
01111010010111
01111011110011
01111101000001
01111110000010
01111110110110
01111111011011
01111111110100
01111111111110
01111111111011
01111111101011
01111111001101
01111110100001
01111101100111
01111100100001
01111011001101
01111001101011
01110111111101
01110110000010
01110011111011
01110001100111
01101111000111
01101100011011
01101001100011
01100110100001
01100011010011
01011111111010
01011100011000
01011000101100
01010100110110
01010000110111
01001100101111
01001000011111
01000100001000
00111111101001
00111011000100
00110110011000
00110001100110
00101100101111
00100111110011
00100010110011
00011101110000
00011000101001
00010011011111
00001110010100
00001001000111
00000011111001
11111110101010
11111001011100
11110100001110
11101111000010
11101001110111
11100100101111
11011111101010
11011010101000
11010101101010
11010000110001
11001011111100
11000111001110
11000010100101
10111110000011
10111001101000
10110101010100
10110001001001
10101101000101
10101001001011
10100101011010
10100001110011
10011110010101
10011011000010
10010111111010
10010100111101
10010010001100
10001111100110
10001101001100
10001010111110
10001000111101
10000111001001
10000101100001
10000100000111
10000010111001
10000001111001
10000001000111
10000000100010
10000000001011
10000000000001
10000000000101
10000000010111
10000000110110
10000001100011
10000010011110
10000011100101
10000100111010
10000110011101
10001000001100
10001010001000
10001100010000
10001110100101
10010001000110
10010011110011
10010110101011
10011001101111
10011100111101
10100000010111
10100011111010
10100111100111
10101011011110
10101111011101
10110011100101
10110111110110
10111100001110
11000000101101
11000101010011
11001010000000
11001110110010
11010011101001
11011000100101
11011101100101
11100010101001
11100111110000
11101100111010
11110010000110
11110111010011
11111100100001
00000001110000
00000110111110
00001100001011
00010001011000
00010110100010
00011011101010
00100000101111
00100101110001
00101010101110
00101111100111
00110100011011
00111001001001
00111101110010
01000010010011
01000110101110
01001011000001
01001111001100
01010011001110
01010111001000
01011010111000
01011110011111
01100001111011
01100101001101
01101000010101
01101011010001
01101110000010
01110000100111
01110011000000
01110101001100
01110111001100
01111001000000
01111010100110
01111100000000
01111101001100
01111110001011
01111110111100
01111111100000
01111111110110
01111111111111
01111111111010
01111111100111
01111111000111
01111110011001
01111101011101
01111100010101
01111010111111
01111001011011
01110111101011
01110101101110
01110011100101
01110001001111
01101110101101
01101011111111
01101001000110
01100110000010
01100010110010
01011111011000
01011011110100
01011000000110
01010100001111
01010000001111
01001100000110
01000111110101
01000011011100
00111110111100
00111010010110
00110101101001
00110000110111
00101011111111
00100111000011
00100010000010
00011100111110
00010111110110
00010010101101
00001101100001
00001000010011
00000011000101
11111101110111
11111000101000
11110011011011
11101110001111
11101001000101
11100011111101
11011110111000
11011001110111
11010100111010
11010000000001
11001011001101
11000110100000
11000001111000
10111101010111
10111000111101
10110100101011
10110000100000
10101100011110
10101000100101
10100100110110
10100001010000
10011101110100
10011010100011
10010111011100
10010100100001
10010001110001
10001111001101
10001100110101
10001010101001
10001000101010
10000110111000
10000101010010
10000011111010
10000010101111
10000001110001
10000001000001
10000000011110
10000000001001
10000000000001
10000000000111
10000000011011
10000000111100
10000001101011
10000010101000
10000011110010
10000101001001
10000110101101
10001000011110
10001010011100
10001100100110
10001110111101
10010001100000
10010100001111
10010111001001
10011010001110
10011101011110
10100000111001
10100100011110
10101000001100
10101100000100
10110000000101
10110100001111
10111000100000
10111100111010
11000001011010
11000110000001
11001010101110
11001111100001
11010100011001
11011001010110
11011110010111
11100011011011
11101000100011
11101101101101
11110010111001
11111000000110
11111101010100
00000010100011
00000111110001
00001100111111
00010010001011
00010111010101
00011100011100
00100001100001
00100110100010
00101011011111
00110000010111
00110101001010
00111001110111
00111110011111
01000010111111
01000111011000
01001011101010
01001111110100
01010011110101
01010111101101
01011011011100
01011111000001
01100010011100
01100101101101
01101000110010
01101011101101
01101110011100
01110000111111
01110011010110
01110101100001
01110111011111
01111001010000
01111010110101
01111100001100
01111101010111
01111110010011
01111111000011
01111111100100
01111111111001
01111111111111
01111111111000
01111111100011
01111111000001
01111110010001
01111101010011
01111100001000
01111010110000
01111001001011
01110111011001
01110101011010
01110011001111
01110000110111
01101110010011
01101011100100
01101000101001
01100101100010
01100010010001
01011110110110
01011011010000
01010111100001
01010011101000
01001111100111
01001011011100
01000111001010
01000010110000
00111110010000
00111001101000
00110100111010
00110000000111
00101011001111
00100110010001
00100001010000
00011100001100
00010111000100
00010001111010
00001100101110
00000111100000
00000010010010
11111101000011
11110111110101
11110010101000
11101101011100
11101000010010
11100011001011
11011110000110
11011001000110
11010100001001
11001111010001
11001010011111
11000101110010
11000001001011
10111100101011
10111000010010
10110100000001
10101111111000
10101011110111
10101000000000
10100100010010
10100000101101
10011101010011
10011010000100
10010110111111
10010100000101
10010001010111
10001110110101
10001100011111
10001010010101
10001000011000
10000110100111
10000101000100
10000011101101
10000010100100
10000001101001
10000000111010
10000000011010
10000000000110
10000000000001
10000000001001
10000000011111
10000001000011
10000001110100
10000010110010
10000011111110
10000101010111
10000110111101
10001000110001
10001010110000
10001100111101
10001111010101
10010001111010
10010100101010
10010111100110
10011010101101
10011101111111
10100001011011
10100101000010
10101000110010
10101100101011
10110000101110
10110100111000
10111001001011
10111101100110
11000010000111
11000110101111
11001011011101
11010000010001
11010101001010
11011010000111
11011111001001
11100100001110
11101001010101
11101110100000
11110011101100
11111000111010
11111110001000
00000011010110
00001000100101
00001101110010
00010010111110
00011000000111
00011101001110
00100010010010
00100111010011
00101100001111
00110001000110
00110101111001
00111010100101
00111111001011
01000011101011
01001000000011
01001100010100
01010000011100
01010100011100
01011000010011
01011100000000
01011111100100
01100010111101
01100110001100
01101001010000
01101100001000
01101110110110
01110001010111
01110011101100
01110101110101
01110111110001
01111001100001
01111011000011
01111100011001
01111101100001
01111110011011
01111111001001
01111111101000
01111111111010
01111111111111
01111111110110
01111111011111
01111110111010
01111110001000
01111101001000
01111011111100
01111010100001
01111000111010
01110111000110
01110101000101
01110010111000
01110000011110
01101101111001
01101011001000
01101000001011
01100101000011
01100001110000
01011110010011
01011010101100
01010110111011
01010011000001
01001110111110
01001010110011
01000110011111
01000010000100
00111101100011
00111000111010
00110100001011
00101111010111
00101010011110
00100101100000
00100000011111
00011011011001
00010110010001
00010001000111
00001011111010
00000110101101
00000001011110
11111100010000
11110111000010
11110001110101
11101100101001
11100111011111
11100010011001
11011101010101
11011000010101
11010011011001
11001110100010
11001001110000
11000101000100
11000000011110
10111011111111
10110111101000
10110011011000
10101111010000
10101011010001
10100111011011
10100011101110
10100000001011
10011100110011
10011001100101
10010110100010
10010011101010
10010000111110
10001110011101
10001100001001
10001010000001
10001000000110
10000110010111
10000100110110
10000011100001
10000010011010
10000001100001
10000000110100
10000000010110
10000000000101
10000000000001
10000000001100
10000000100100
10000001001001
10000001111100
10000010111101
10000100001011
10000101100110
10000111001110
10001001000011
10001011000101
10001101010011
10001111101110
10010010010100
10010101000111
10011000000100
10011011001101
10011110100000
10100001111110
10100101100110
10101001011000
10101101010011
10110001010110
10110101100010
10111001110110
10111110010010
11000010110100
11000111011101
11001100001100
11010001000001
11010101111010
11011010111000
11011111111010
11100101000000
11101010001000
11101111010011
11110100011111
11111001101101
11111110111011
00000100001010
00001001011000
00001110100101
00010011110000
00011000111010
00011110000000
00100011000100
00101000000100
00101100111111
00110001110110
00110110100111
00111011010011
00111111111000
01000100010110
01001000101110
01001100111101
01010001000100
01010101000010
01011000111000
01011100100100
01100000000110
01100011011110
01100110101011
01101001101101
01101100100100
01101111001111
01110001101111
01110100000010
01110110001001
01111000000011
01111001110001
01111011010001
01111100100101
01111101101011
01111110100011
01111111001110
01111111101100
01111111111100
01111111111110
01111111110011
01111111011010
01111110110011
01111101111111
01111100111101
01111011101111
01111010010010
01111000101001
01110110110011
01110100110000
01110010100001
01110000000110
01101101011110
01101010101011
01100111101101
01100100100011
01100001001111
01011101110000
01011010001000
01010110010101
01010010011010
01001110010110
01001010001001
01000101110100
01000001011000
00111100110101
00111000001100
00110011011100
00101110100111
00101001101101
00100100101111
00011111101101
00011010100111
00010101011110
00010000010100
00001011000111
00000101111001
00000000101011
11111011011100
11110110001110
11110001000010
11101011110110
11100110101101
11100001100111
11011100100011
11010111100100
11010010101001
11001101110010
11001001000001
11000100010110
10111111110010
10111011010100
10110110111101
10110010101111
10101110101000
10101010101010
10100110110110
10100011001010
10011111101001
10011100010010
10011001000110
10010110000101
10010011001111
10010000100100
10001110000110
10001011110011
10001001101101
10000111110100
10000110000111
10000100101000
10000011010110
10000010010000
10000001011001
10000000101111
10000000010010
10000000000011
10000000000010
10000000001111
10000000101001
10000001010000
10000010000110
10000011001000
10000100011000
10000101110101
10000111011111
10001001010111
10001011011010
10001101101010
10010000000111
10010010101111
10010101100011
10011000100010
10011011101101
10011111000010
10100010100001
10100110001011
10101001111110
10101101111010
10110001111111
10110110001100
10111010100001
10111110111110
11000011100001
11001000001011
11001100111011
11010001110001
11010110101011
11011011101010
11100000101100
11100101110010
11101010111011
11110000000110
11110101010011
11111010100000
11111111101111
00000100111101
00001010001011
00001111011000
00010100100011
00011001101100
00011110110010
00100011110101
00101000110101
00101101101111
00110010100101
00110111010110
00111100000000
01000000100101
01000101000010
01001001011000
01001101100110
01010001101100
01010101101001
01011001011101
01011101000111
01100000101000
01100011111110
01100111001001
01101010001010
01101100111111
01101111101001
01110010000110
01110100011000
01110110011101
01111000010101
01111010000000
01111011011111
01111100110000
01111101110100
01111110101011
01111111010100
01111111101111
01111111111101
01111111111101
01111111110000
01111111010101
01111110101100
01111101110110
01111100110010
01111011100001
01111010000011
01111000011000
01110110100000
01110100011011
01110010001010
01101111101101
01101101000011
01101010001111
01100111001110
01100100000011
01100000101101
01011101001101
01011001100011
01010101101111
01010001110010
01001101101101
01001001011111
01000101001001
01000000101100
00111100001000
00110111011110
00110010101101
00101101110111
00101000111101
00100011111110
00011110111011
00011001110101
00010100101100
00001111100001
00001010010100
00000101000110
11111111110111
11111010101001
11110101011011
11110000001110
11101011000011
11100101111011
11100000110101
11011011110010
11010110110011
11010001111001
11001101000011
11001000010011
11000011101001
10111111000101
10111010101000
10110110010011
10110010000110
10101110000000
10101010000100
10100110010001
10100010100111
10011111000111
10011011110010
10011000100111
10010101101000
10010010110100
10010000001011
10001101101110
10001011011110
10001001011010
10000111100010
10000101111000
10000100011010
10000011001010
10000010000111
10000001010010
10000000101001
10000000001111
10000000000010
10000000000011
10000000010010
10000000101110
10000001011000
10000010001111
10000011010100
10000100100110
10000110000101
10000111110001
10001001101010
10001011110000
10001110000010
10010000100000
10010011001010
10010110000000
10011001000001
10011100001101
10011111100100
10100011000101
10100110101111
10101010100100
10101110100001
10110010101000
10110110110110
10111011001101
10111111101010
11000100001111
11001000111010
11001101101010
11010010100001
11010111011100
11011100011011
11100001011110
11100110100101
11101011101110
11110000111001
11110110000110
11111011010100
00000000100010
00000101110001
00001010111110
00010000001011
00010101010110
00011010011111
00011111100100
00100100100111
00101001100101
00101110011111
00110011010101
00111000000100
00111100101110
01000001010001
01000101101101
01001010000010
01001110001111
01010010010011
01010110001111
01011010000010
01011101101010
01100001001001
01100100011110
01100111101000
01101010100110
01101101011010
01110000000010
01110010011101
01110100101101
01110110110000
01111000100110
01111010010000
01111011101100
01111100111100
01111101111110
01111110110010
01111111011001
01111111110010
01111111111110
01111111111100
01111111101101
01111111001111
01111110100101
01111101101100
01111100100111
01111011010100
01111001110011
01111000000110
01110110001100
01110100000110
01110001110011
01101111010011
01101100101000
01101001110010
01100110110000
01100011100011
01100000001011
01011100101010
01011000111110
01010101001001
01010001001011
01001101000100
01001000110101
01000100011110
01000000000000
00111011011010
00110110101111
00110001111110
00101101000111
00101000001100
00100011001100
00011110001001
00011001000010
00010011111001
00001110101101
00001001100000
00000100010010
11111111000100
11111001110110
11110100101000
11101111011011
11101010010001
11100101001000
11100000000011
11011011000001
11010110000010
11010001001001
11001100010100
11000111100101
11000010111100
10111110011001
10111001111101
10110101101001
10110001011101
10101101011001
10101001011110
10100101101100
10100010000100
10011110100110
10011011010010
10011000001001
10010101001011
10010010011001
10001111110010
10001101010111
10001011001001
10001001000111
10000111010001
10000101101001
10000100001101
10000010111111
10000001111110
10000001001010
10000000100101
10000000001100
10000000000010
10000000000101
10000000010101
10000000110011
10000001011111
10000010011001
10000011011111
10000100110011
10000110010101
10001000000011
10001001111110
10001100000101
10001110011001
10010000111001
10010011100101
10010110011101
10011001011111
10011100101101
10100000000110
10100011101000
10100111010100
10101011001010
10101111001001
10110011010001
10110111100001
10111011111000
11000000010111
11000100111100
11001001101000
11001110011010
11010011010001
11011000001101
11011101001101
11100010010000
11100111010111
11101100100001
11110001101100
11110110111001
11111100000111
00000001010110
00000110100100
00001011110010
00010000111110
00010110001001
00011011010001
00100000010110
00100101011000
00101010010110
00101111001111
