00000000000000
00000101001110
00001010011100
00001111101001
00010100110100
00011001111101
00011111000011
00100100000110
00101001000101
00101101111111
00110010110101
00110111100101
00111100010000
01000000110011
01000101010000
01001001100110
01001101110100
01010001111001
01010101110110
01011001101001
01011101010011
01100000110011
01100100001001
01100111010100
01101010010011
01101101001000
01101111110001
01110010001110
01110100011111
01110110100011
01111000011011
01111010000110
01111011100011
01111100110100
01111101110111
01111110101101
01111111010110
01111111110000
01111111111110
01111111111101
01111111101111
01111111010011
01111110101010
01111101110011
01111100101110
01111011011101
01111001111110
01111000010010
01110110011001
01110100010100
01110010000010
01101111100100
01101100111010
01101010000101
01100111000100
01100011111001
01100000100010
01011101000001
01011001010111
01010101100010
01010001100101
01001101011111
01001001010001
01000100111011
01000000011101
00111011111001
00110111001110
00110010011101
00101101100111
00101000101100
00100011101101
00011110101010
00011001100100
00010100011011
00001111010000
00001010000011
00000100110101
11111111100110
11111010011000
11110101001010
11101111111101
11101010110010
11100101101010
11100000100100
11011011100001
11010110100011
11010001101001
11001100110011
11001000000100
11000011011010
10111110110110
10111010011010
10110110000101
10110001111000
10101101110011
10101001110111
10100110000101
10100010011011
10011110111100
10011011100111
10011000011101
10010101011110
10010010101011
10010000000011
10001101100111
10001011010111
10001001010011
10000111011101
10000101110011
10000100010110
10000011000110
10000010000100
10000001001111
10000000101000
10000000001110
10000000000010
10000000000100
10000000010011
10000000110000
10000001011010
10000010010010
10000011010111
10000100101010
10000110001010
10000111110111
10001001110001
10001011110111
10001110001001
10010000101000
10010011010011
10010110001001
10011001001011
10011100011000
10011111101111
10100011010000
10100110111100
10101010110001
10101110101111
10110010110101
10110111000100
10111011011011
10111111111001
11000100011110
11001001001001
11001101111010
11010010110001
11010111101100
11011100101100
11100001101111
11100110110101
11101011111111
11110001001010
11110110010111
11111011100101
00000000110011
00000110000010
00001011010000
00010000011100
00010101100111
00011010101111
00011111110101
00100100110111
00101001110110
00101110101111
00110011100100
00111000010100
00111100111101
01000001100000
01000101111100
01001010010000
01001110011100
01010010100000
01010110011100
01011010001110
01011101110110
01100001010100
01100100101000
01100111110010
01101010110000
01101101100011
01110000001010
01110010100101
01110100110100
01110110110110
01111000101100
01111010010101
01111011110001
01111100111111
01111110000001
01111110110100
01111111011011
01111111110011
01111111111110
01111111111100
01111111101011
01111111001110
01111110100010
01111101101001
01111100100011
01111011001111
01111001101110
01111000000000
01110110000110
01110011111110
01110001101011
01101111001011
01101100011111
01101001101000
01100110100110
01100011011000
01100000000000
01011100011110
01011000110010
01010100111100
01010000111101
01001100110110
01001000100110
01000100001111
00111111110001
00111011001011
00110110100000
00110001101110
00101100110111
00100111111100
00100010111100
00011101111000
00011000110001
00010011101000
00001110011100
00001001001111
00000100000001
11111110110011
11111001100100
11110100010111
11101111001010
11101010000000
11100100110111
11011111110010
11011010110000
11010101110010
11010000111001
11001100000100
11000111010101
11000010101101
10111110001010
10111001101111
10110101011011
10110001001111
10101101001100
10101001010001
10100101100000
10100001111000
10011110011011
10011011001000
10010111111111
10010101000010
10010010010000
10001111101010
10001101010000
10001011000010
10001001000000
10000111001011
10000101100100
10000100001001
10000010111011
10000001111011
10000001001000
10000000100011
10000000001011
10000000000001
10000000000101
10000000010110
10000000110101
10000001100010
10000010011100
10000011100011
10000100111000
10000110011010
10001000001001
10001010000100
10001100001101
10001110100001
10010001000010
10010011101110
10010110100110
10011001101010
10011100111000
10100000010001
10100011110100
10100111100001
10101011010111
10101111010111
10110011011111
10110111101111
10111100000111
11000000100110
11000101001100
11001001111000
11001110101010
11010011100001
11011000011101
11011101011101
11100010100001
11100111101000
11101100110010
11110001111101
11110111001010
11111100011000
00000001100111
00000110110101
00001100000011
00010001001111
00010110011010
00011011100010
00100000100111
00100101101000
00101010100110
00101111011111
00110100010011
00111001000010
00111101101010
01000010001100
01000110100111
01001010111010
01001111000101
01010011001000
01010111000001
01011010110010
01011110011001
01100001110110
01100101001000
01101000010000
01101011001100
01101101111101
01110000100010
01110010111100
01110101001001
01110111001001
01111000111101
01111010100100
01111011111110
01111101001010
01111110001001
01111110111011
01111111011111
01111111110110
01111111111111
01111111111010
01111111101000
01111111001000
01111110011010
01111101011111
01111100010111
01111011000001
01111001011110
01110111101110
01110101110010
01110011101000
01110001010011
01101110110001
01101100000100
01101001001011
01100110000111
01100010111000
01011111011110
01011011111010
01011000001101
01010100010101
01010000010101
01001100001101
01000111111100
01000011100100
00111111000100
00111010011110
00110101110001
00110000111111
00101100000111
00100111001011
00100010001010
00011101000110
00010111111111
00010010110101
00001101101001
00001000011100
00000011001110
11111101111111
11111000110001
11110011100100
11101110010111
11101001001101
11100100000101
11011111000000
11011001111111
11010101000010
11010000001001
11001011010101
11000110100111
11000001111111
10111101011110
10111001000100
10110100110001
10110000100111
10101100100101
10101000101100
10100100111100
10100001010110
10011101111010
10011010101000
10010111100001
10010100100110
10010001110110
10001111010001
10001100111001
10001010101101
10001000101101
10000110111011
10000101010101
10000011111100
10000010110000
10000001110010
10000001000010
10000000011110
10000000001001
10000000000001
10000000000111
10000000011010
10000000111011
10000001101010
10000010100110
10000011101111
10000101000110
10000110101010
10001000011011
10001010011000
10001100100011
10001110111001
10010001011100
10010100001010
10010111000100
10011010001001
10011101011001
10100000110011
10100100011000
10101000000110
10101011111110
10101111111111
10110100001000
10111000011001
10111100110010
11000001010010
11000101111001
11001010100110
11001111011001
11010100010001
11011001001110
11011110001111
11100011010011
11101000011010
11101101100100
11110010110000
11110111111110
11111101001100
00000010011010
00000111101001
00001100110110
00010010000010
00010111001100
00011100010100
00100001011001
00100110011010
00101011010111
00110000001111
00110101000010
00111001110000
00111110010111
01000010111000
01000111010001
01001011100011
01001111101101
01010011101111
01010111100111
01011011010110
01011110111100
01100010010111
01100101101000
01101000101101
01101011101000
01101110010111
01110000111011
01110011010010
01110101011101
01110111011100
01111001001110
01111010110011
01111100001010
01111101010101
01111110010010
01111111000010
01111111100100
01111111111000
01111111111111
01111111111000
01111111100100
01111111000010
01111110010010
01111101010101
01111100001010
01111010110011
01111001001110
01110111011100
01110101011101
01110011010010
01110000111011
01101110010111
01101011101000
01101000101101
01100101101000
01100010010111
01011110111100
01011011010110
01010111100111
01010011101111
01001111101101
01001011100011
01000111010001
01000010111000
00111110010111
00111001110000
00110101000010
00110000001111
00101011010111
00100110011010
00100001011001
00011100010100
00010111001100
00010010000010
00001100110110
00000111101001
00000010011010
11111101001100
11110111111110
11110010110000
11101101100100
11101000011010
11100011010011
11011110001111
11011001001110
11010100010001
11001111011001
11001010100110
11000101111001
11000001010010
10111100110010
10111000011001
10110100001000
10101111111111
10101011111110
10101000000110
10100100011000
10100000110011
10011101011001
10011010001001
10010111000100
10010100001010
10010001011100
10001110111001
10001100100011
10001010011000
10001000011011
10000110101010
10000101000110
10000011101111
10000010100110
10000001101010
10000000111011
10000000011010
10000000000111
10000000000001
10000000001001
10000000011110
10000001000010
10000001110010
10000010110000
10000011111100
10000101010101
10000110111011
10001000101101
10001010101101
10001100111001
10001111010001
10010001110110
10010100100110
10010111100001
10011010101000
10011101111010
10100001010110
10100100111100
10101000101100
10101100100101
10110000100111
10110100110001
10111001000100
10111101011110
11000001111111
11000110100111
11001011010101
11010000001001
11010101000010
11011001111111
11011111000000
11100100000101
11101001001101
11101110010111
11110011100100
11111000110001
11111101111111
00000011001110
00001000011100
00001101101001
00010010110101
00010111111111
00011101000110
00100010001010
00100111001011
00101100000111
00110000111111
00110101110001
00111010011110
00111111000100
01000011100100
01000111111100
01001100001101
01010000010101
01010100010101
01011000001101
01011011111010
01011111011110
01100010111000
01100110000111
01101001001011
01101100000100
01101110110001
01110001010011
01110011101000
01110101110010
01110111101110
01111001011110
01111011000001
01111100010111
01111101011111
01111110011010
01111111001000
01111111101000
01111111111010
01111111111111
01111111110110
01111111011111
01111110111011
01111110001001
01111101001010
01111011111110
01111010100100
01111000111101
01110111001001
01110101001001
01110010111100
01110000100010
01101101111101
01101011001100
01101000010000
01100101001000
01100001110110
01011110011001
01011010110010
01010111000001
01010011001000
01001111000101
01001010111010
01000110100111
01000010001100
00111101101010
00111001000010
00110100010011
00101111011111
00101010100110
00100101101000
00100000100111
00011011100010
00010110011010
00010001001111
00001100000011
00000110110101
00000001100111
11111100011000
11110111001010
11110001111101
11101100110010
11100111101000
11100010100001
11011101011101
11011000011101
11010011100001
11001110101010
11001001111000
11000101001100
11000000100110
10111100000111
10110111101111
10110011011111
10101111010111
10101011010111
10100111100001
10100011110100
10100000010001
10011100111000
10011001101010
10010110100110
10010011101110
10010001000010
10001110100001
10001100001101
10001010000100
10001000001001
10000110011010
10000100111000
10000011100011
10000010011100
10000001100010
10000000110101
10000000010110
10000000000101
10000000000001
10000000001011
10000000100011
10000001001000
10000001111011
10000010111011
10000100001001
10000101100100
10000111001011
10001001000000
10001011000010
10001101010000
10001111101010
10010010010000
10010101000010
10010111111111
10011011001000
10011110011011
10100001111000
10100101100000
10101001010001
10101101001100
10110001001111
10110101011011
10111001101111
10111110001010
11000010101101
11000111010101
11001100000100
11010000111001
11010101110010
11011010110000
11011111110010
11100100110111
11101010000000
11101111001010
11110100010111
11111001100100
11111110110011
00000100000001
00001001001111
00001110011100
00010011101000
00011000110001
00011101111000
00100010111100
00100111111100
00101100110111
00110001101110
00110110100000
00111011001011
00111111110001
01000100001111
01001000100110
01001100110110
01010000111101
01010100111100
01011000110010
01011100011110
01100000000000
01100011011000
01100110100110
01101001101000
01101100011111
01101111001011
01110001101011
01110011111110
01110110000110
01111000000000
01111001101110
01111011001111
01111100100011
01111101101001
01111110100010
01111111001110
01111111101011
01111111111100
01111111111110
01111111110011
01111111011011
01111110110100
01111110000001
01111100111111
01111011110001
01111010010101
01111000101100
01110110110110
01110100110100
01110010100101
01110000001010
01101101100011
01101010110000
01100111110010
01100100101000
01100001010100
01011101110110
01011010001110
01010110011100
01010010100000
01001110011100
01001010010000
01000101111100
01000001100000
00111100111101
00111000010100
00110011100100
00101110101111
00101001110110
00100100110111
00011111110101
00011010101111
00010101100111
00010000011100
00001011010000
00000110000010
00000000110011
11111011100101
11110110010111
11110001001010
11101011111111
11100110110101
11100001101111
11011100101100
11010111101100
11010010110001
11001101111010
11001001001001
11000100011110
10111111111001
10111011011011
10110111000100
10110010110101
10101110101111
10101010110001
10100110111100
10100011010000
10011111101111
10011100011000
10011001001011
10010110001001
10010011010011
10010000101000
10001110001001
10001011110111
10001001110001
10000111110111
10000110001010
10000100101010
10000011010111
10000010010010
10000001011010
10000000110000
10000000010011
10000000000100
10000000000010
10000000001110
10000000101000
10000001001111
10000010000100
10000011000110
10000100010110
10000101110011
10000111011101
10001001010011
10001011010111
10001101100111
10010000000011
10010010101011
10010101011110
10011000011101
10011011100111
10011110111100
10100010011011
10100110000101
10101001110111
10101101110011
10110001111000
10110110000101
10111010011010
10111110110110
11000011011010
11001000000100
11001100110011
11010001101001
11010110100011
11011011100001
11100000100100
11100101101010
11101010110010
11101111111101
11110101001010
11111010011000
11111111100110
00000100110101
00001010000011
00001111010000
00010100011011
00011001100100
00011110101010
00100011101101
00101000101100
00101101100111
00110010011101
00110111001110
00111011111001
01000000011101
01000100111011
01001001010001
01001101011111
01010001100101
01010101100010
01011001010111
01011101000001
01100000100010
01100011111001
01100111000100
01101010000101
01101100111010
01101111100100
01110010000010
01110100010100
01110110011001
01111000010010
01111001111110
01111011011101
01111100101110
01111101110011
01111110101010
01111111010011
01111111101111
01111111111101
01111111111110
01111111110000
01111111010110
01111110101101
01111101110111
01111100110100
01111011100011
01111010000110
01111000011011
01110110100011
01110100011111
01110010001110
01101111110001
01101101001000
01101010010011
01100111010100
01100100001001
01100000110011
01011101010011
01011001101001
01010101110110
01010001111001
01001101110100
01001001100110
01000101010000
01000000110011
00111100010000
00110111100101
00110010110101
00101101111111
00101001000101
00100100000110
00011111000011
00011001111101
00010100110100
00001111101001
00001010011100
00000101001110
00000000000000
11111010110010
11110101100100
11110000010111
11101011001100
11100110000011
11100000111101
11011011111010
11010110111011
11010010000001
11001101001011
11001000011011
11000011110000
10111111001101
10111010110000
10110110011010
10110010001100
10101110000111
10101010001010
10100110010111
10100010101101
10011111001101
10011011110111
10011000101100
10010101101101
10010010111000
10010000001111
10001101110010
10001011100001
10001001011101
10000111100101
10000101111010
10000100011101
10000011001100
10000010001001
10000001010011
10000000101010
10000000010000
10000000000010
10000000000011
10000000010001
10000000101101
10000001010110
10000010001101
10000011010010
10000100100011
10000110000010
10000111101110
10001001100111
10001011101100
10001101111110
10010000011100
10010011000110
10010101111011
10011000111100
10011100000111
10011111011110
10100010111111
10100110101001
10101010011110
10101110011011
10110010100001
10110110101111
10111011000101
10111111100011
11000100000111
11001000110010
11001101100011
11010010011001
11010111010100
11011100010011
11100001010110
11100110011100
11101011100101
11110000110000
11110101111101
11111011001011
00000000011010
00000101101000
00001010110110
00010000000011
00010101001110
00011010010110
00011111011100
00100100011111
00101001011101
00101110010111
00110011001101
00110111111100
00111100100110
01000001001010
01000101100110
01001001111011
01001110001000
01010010001101
01010110001001
01011001111011
01011101100101
01100001000100
01100100011001
01100111100011
01101010100010
01101101010101
01101111111101
01110010011001
01110100101001
01110110101101
01111000100011
01111010001101
01111011101010
01111100111010
01111101111100
01111110110001
01111111011000
01111111110010
01111111111110
01111111111100
01111111101101
01111111010000
01111110100110
01111101101110
01111100101001
01111011010110
01111001110110
01111000001001
01110110001111
01110100001001
01110001110111
01101111011000
01101100101101
01101001110111
01100110110101
01100011101000
01100000010001
01011100110000
01011001000100
01010101001111
01010001010001
01001101001011
01001000111100
01000100100101
01000000000111
00111011100010
00110110110111
00110010000110
00101101001111
00101000010100
00100011010100
00011110010001
00011001001011
00010100000001
00001110110110
00001001101001
00000100011011
11111111001101
11111001111110
11110100110000
11101111100100
11101010011001
11100101010001
11100000001011
11011011001001
11010110001010
11010001010001
11001100011100
11000111101100
11000011000011
10111110100000
10111010000100
10110101110000
10110001100100
10101101100000
10101001100100
10100101110010
10100010001010
10011110101100
10011011011000
10011000001110
10010101010000
10010010011101
10001111110110
10001101011011
10001011001100
10001001001010
10000111010100
10000101101011
10000100001111
10000011000001
10000001111111
10000001001100
10000000100101
10000000001101
10000000000010
10000000000100
10000000010101
10000000110010
10000001011110
10000010010111
10000011011101
10000100110001
10000110010010
10001000000000
10001001111010
10001100000010
10001110010101
10010000110101
10010011100001
10010110011000
10011001011010
10011100101000
10100000000000
10100011100010
10100111001110
10101011000100
10101111000011
10110011001010
10110111011010
10111011110001
11000000001111
11000100110101
11001001100000
11001110010010
11010011001001
11011000000100
11011101000100
11100010001000
11100111001111
11101100011000
11110001100100
11110110110001
11111011111111
00000001001101
00000110011100
00001011101001
00010000110110
00010110000000
00011011001001
00100000001110
00100101010000
00101010001110
00101111000111
00110011111100
00111000101011
00111101010011
01000001110110
01000110010001
01001010100101
01001110110001
01010010110100
01010110101111
01011010100000
01011110001000
01100001100101
01100100111000
01101000000001
01101010111110
01101101110000
01110000010110
01110010110000
01110100111110
01110111000000
01111000110101
01111010011100
01111011110111
01111101000101
01111110000101
01111110111000
01111111011101
01111111110101
01111111111111
01111111111011
01111111101010
01111111001011
01111110011110
01111101100100
01111100011101
01111011001000
01111001100110
01110111110111
01110101111100
01110011110011
01110001011111
01101110111110
01101100010010
01101001011010
01100110010110
01100011001000
01011111101111
01011100001100
01011000011111
01010100101001
01010000101001
01001100100001
01001000010001
01000011111001
00111111011010
00111010110100
00110110001000
00110001010110
00101100011111
00100111100011
00100010100011
00011101011111
00011000011000
00010011001110
00001110000011
00001000110110
00000011101000
11111110011001
11111001001011
11110011111101
11101110110001
11101001100110
11100100011110
11011111011001
11011010011000
11010101011010
11010000100001
11001011101101
11000110111110
11000010010110
10111101110100
10111001011001
10110101000110
10110000111011
10101100111000
10101000111111
10100101001110
10100001100111
10011110001010
10011010111000
10010111110000
10010100110100
10010010000011
10001111011110
10001101000100
10001010110111
10001000110111
10000111000011
10000101011100
10000100000010
10000010110110
10000001110111
10000001000101
10000000100001
10000000001010
10000000000001
10000000000110
10000000011000
10000000111000
10000001100110
10000010100001
10000011101001
10000100111111
10000110100010
10001000010010
10001010001110
10001100011000
10001110101101
10010001001111
10010011111100
10010110110101
10011001111001
10011101001000
10100000100010
10100100000110
10100111110011
10101011101011
10101111101011
10110011110011
10111000000100
10111100011100
11000000111100
11000101100010
11001010001111
11001111000001
11010011111001
11011000110101
11011101110110
11100010111010
11101000000001
11101101001011
11110010010111
11110111100100
11111100110010
00000010000001
00000111001111
00001100011100
00010001101001
00010110110011
00011011111011
00100001000000
00100110000001
00101010111110
00101111110111
00110100101011
00111001011001
00111110000001
01000010100010
01000110111100
01001011001111
01001111011001
01010011011011
01010111010100
01011011000100
01011110101010
01100010000110
01100101011000
01101000011111
01101011011010
01101110001010
01110000101111
01110011000111
01110101010011
01110111010011
01111001000101
01111010101011
01111100000100
01111101010000
01111110001110
01111110111110
01111111100010
01111111110111
01111111111111
01111111111001
01111111100110
01111111000101
01111110010110
01111101011010
01111100010001
01111010111010
01111001010110
01110111100101
01110101101000
01110011011101
01110001000111
01101110100100
01101011110110
01101000111100
01100101110111
01100010100111
01011111001101
01011011101000
01010111111010
01010100000010
01010000000001
01001011111000
01000111100111
01000011001110
00111110101110
00111010000111
00110101011010
00110000100111
00101011101111
00100110110010
00100001110001
00011100101101
00010111100110
00010010011100
00001101010000
00001000000010
00000010110100
11111101100110
11111000010111
11110011001010
11101101111110
11101000110100
11100011101100
11011110100111
11011001100110
11010100101001
11001111110001
11001010111110
11000110010000
11000001101001
10111101001000
10111000101111
10110100011101
10110000010011
10101100010001
10101000011001
10100100101010
10100001000100
10011101101001
10011010011000
10010111010011
10010100011000
10010001101001
10001111000101
10001100101110
10001010100011
10001000100100
10000110110010
10000101001101
10000011110110
10000010101011
10000001101110
10000000111110
10000000011100
10000000001000
10000000000001
10000000001000
10000000011100
10000000111110
10000001101110
10000010101011
10000011110110
10000101001101
10000110110010
10001000100100
10001010100011
10001100101110
10001111000101
10010001101001
10010100011000
10010111010011
10011010011000
10011101101001
10100001000100
10100100101010
10101000011001
10101100010001
10110000010011
10110100011101
10111000101111
10111101001000
11000001101001
11000110010000
11001010111110
11001111110001
11010100101001
11011001100110
11011110100111
11100011101100
11101000110100
11101101111110
11110011001010
11111000010111
11111101100110
00000010110100
00001000000010
00001101010000
00010010011100
00010111100110
00011100101101
00100001110001
00100110110010
00101011101111
00110000100111
00110101011010
00111010000111
00111110101110
01000011001110
01000111100111
01001011111000
01010000000001
01010100000010
01010111111010
01011011101000
01011111001101
01100010100111
01100101110111
01101000111100
01101011110110
01101110100100
01110001000111
01110011011101
01110101101000
01110111100101
01111001010110
01111010111010
01111100010001
01111101011010
01111110010110
01111111000101
01111111100110
01111111111001
01111111111111
01111111110111
01111111100010
01111110111110
01111110001110
01111101010000
01111100000100
01111010101011
01111001000101
01110111010011
01110101010011
01110011000111
01110000101111
01101110001010
01101011011010
01101000011111
01100101011000
01100010000110
01011110101010
01011011000100
01010111010100
01010011011011
01001111011001
